# Constructed from biom file
#OTU ID	ITS.Mia.2	ITS.Mia.12	ITS.Mia.9	ITS.Mia.17	ITS.Mia.10	ITS.Mia.11	ITS.Mia.15	ITS.Mia.16	ITS.Mia.1	ITS.Mia.13	ITS.Mia.14	ITS.Mia.3	ITS.Mia.7	ITS.Mia.8	ITS.Mia.5	ITS.Mia.4	ITS.Mia.6
No blast hit;Other;Other;Other	0.0297668928888	0.102329118492	0.0730983700315	0.039528166596	0.0453556681559	0.0576449354894	0.0447710145588	0.0342085883923	0.0350102817326	0.0281198947966	0.0436176569172	0.0403579536688	0.0945737502908	0.11889399767	0.0621391420528	0.0367519476436	0.0390885673288
k__Fungi;p__Ascomycota;c__Archaeorhizomycetes;o__Archaeorhizomycetales	0.000165240483919	0.000141783638168	1.78724621104e-05	2.01983477752e-05	2.60515038231e-05	0.0	0.0	0.0	0.0	5.79313860663e-05	1.45732231598e-05	2.20414820693e-05	2.58515946125e-05	1.25283453814e-05	2.38583766761e-05	1.16451038161e-05	6.9152706464e-05
k__Fungi;p__Ascomycota;c__Ascomycota_cls_Incertae_sedis;o__Ascomycota_ord_Incertae_sedis	0.0	0.0	0.0	1.00991738876e-05	0.0	0.0	2.28016371575e-05	0.0	0.0	0.0	0.000189451901077	0.0	0.0	1.25283453814e-05	0.0	0.0	0.0
k__Fungi;p__Ascomycota;c__Dothideomycetes;o__Botryosphaeriales	0.000778990852759	0.000812033564054	0.000697026022305	0.000504958694379	0.000468927068815	0.000707299821956	0.00391048077252	0.000356699038063	0.000654887424852	0.000764694296076	0.000422623471633	0.000440829641385	0.000870337018622	0.00035079367068	0.000679963735267	0.000384288425931	0.00122746053974
k__Fungi;p__Ascomycota;c__Dothideomycetes;o__Capnodiales	0.00984361168486	0.00140494696003	0.00523663139834	0.0108970086247	0.00386864831772	0.00287797858589	0.0528541949312	0.00362452248355	0.0199347732125	0.031456742634	0.0143983444818	0.00916925654081	0.00501520935483	0.00469812951803	0.00305387221453	0.00255027773573	0.00240305654963
k__Fungi;p__Ascomycota;c__Dothideomycetes;o__Dothideales	0.00388315137209	6.44471082583e-05	0.000625536173863	0.000111090912763	0.000260515038231	3.65844735494e-05	0.00104887530925	0.000230128411654	7.85864909822e-05	0.000799453127716	0.00311866975619	0.00014326963345	0.000508414694046	3.75850361443e-05	8.35043183662e-05	0.000128096141977	0.000138305412928
k__Fungi;p__Ascomycota;c__Dothideomycetes;o__Dothideomycetes_ord_Incertae_sedis	0.0	2.57788433033e-05	0.0	1.00991738876e-05	0.0	0.0	0.0	0.0	0.0	0.000231725544265	0.000932686282225	0.0	8.61719820418e-06	1.25283453814e-05	1.1929188338e-05	0.0	0.0
k__Fungi;p__Ascomycota;c__Dothideomycetes;o__Dothideomycetidae_ord_Incertae_sedis	0.00015343759221	0.00616114354949	0.0142800972262	9.08925649882e-05	0.00424639512316	0.00389014902076	0.000296421283048	0.000149583467575	0.00429606150703	0.000196966712626	0.000291464463195	0.000407767418281	0.00207674476721	0.00220498878713	0.00125256477549	0.00565952045462	0.00107186695019
k__Fungi;p__Ascomycota;c__Dothideomycetes;o__Hysteriales	5.90144585423e-05	0.0	0.0	0.0	2.60515038231e-05	1.21948245165e-05	2.28016371575e-05	0.0	0.0	0.0	0.000131159008438	1.10207410346e-05	1.72343964084e-05	1.25283453814e-05	1.1929188338e-05	0.0	1.7288176616e-05
k__Fungi;p__Ascomycota;c__Dothideomycetes;o__Microthyriales	0.0	0.0	8.93623105519e-05	0.000161586782201	0.0	0.0	0.0	0.0	1.3097748497e-05	0.0	0.0	0.0	8.61719820418e-06	0.0	0.000131221071718	0.0	0.0
k__Fungi;p__Ascomycota;c__Dothideomycetes;o__Patellariales	0.0	0.0	0.000268086931656	0.0	6.51287595576e-05	0.0	0.0	0.0	0.0	0.0	0.0	0.0	0.0	0.000137811799196	0.000262442143437	0.0	0.0
k__Fungi;p__Ascomycota;c__Dothideomycetes;o__Pleosporales	0.195314251992	0.0524212778573	0.0978696025164	0.10980831768	0.0831042971956	0.0399624399405	0.0863497999156	0.0825700741013	0.050832361917	0.0510491374017	0.0410090499716	0.0860058630342	0.178186424466	0.137360778762	0.166579185952	0.0815506620242	0.117715194578
k__Fungi;p__Ascomycota;c__Dothideomycetes;o__Trypetheliales	0.0	2.57788433033e-05	1.78724621104e-05	2.01983477752e-05	3.90772557346e-05	0.0	2.28016371575e-05	0.0	0.0	0.0	0.0	0.0	8.61719820418e-06	1.25283453814e-05	0.0	1.16451038161e-05	0.0
k__Fungi;p__Ascomycota;c__Dothideomycetes;o__Tubeufiales	0.00158158748893	0.0	0.00318129825565	4.03966955503e-05	0.0024879186151	0.0	0.00139089986661	0.000540801767386	0.00013097748497	0.000521382474597	0.000116585785278	0.000484912605524	0.00112885296475	0.00061388892369	0.000548742663549	0.000535674775541	0.0
k__Fungi;p__Ascomycota;c__Dothideomycetes;o__Valsariales	0.0	0.0	0.0	0.0	0.0	0.0	0.0	0.0	0.0	0.0	0.0	0.0	0.0	0.0	0.0	0.0	3.4576353232e-05
k__Fungi;p__Ascomycota;c__Dothideomycetes;o__Venturiales	2.36057834169e-05	0.000283567276336	1.78724621104e-05	8.07933911006e-05	1.30257519115e-05	0.000121948245165	2.28016371575e-05	0.0	1.3097748497e-05	6.95176632796e-05	0.00303123041723	1.10207410346e-05	3.44687928167e-05	0.000563775542164	1.1929188338e-05	0.0	0.00025932264924
k__Fungi;p__Ascomycota;c__Dothideomycetes;o__unidentified	0.00173502508114	0.00148228348994	0.00296682871032	0.00973560362762	0.000442875564992	0.000853637716153	0.0108649801056	0.0011276292171	0.000196466227456	0.00135559443395	0.00100555239802	0.0201018316472	0.00202504157798	0.0033701249076	0.00277950088276	0.000174676557242	0.00418373874107
k__Fungi;p__Ascomycota;c__Eurotiomycetes;o__Arachnomycetales	0.0	0.0365672892257	0.00244852730912	0.00128259508372	0.000117231767204	0.00065852052389	4.56032743151e-05	0.00017259630874	0.0	6.95176632796e-05	0.0	2.20414820693e-05	0.000827251027601	0.00150340144577	0.00654912439758	0.000128096141977	0.000484068945248
k__Fungi;p__Ascomycota;c__Eurotiomycetes;o__Chaetothyriales	0.0158512835645	0.00510421097405	0.00550471833	0.0253186289362	0.0405882429563	0.00391453866979	0.0638445840411	0.0390182721959	0.02213519496	0.0159658899999	0.0179833573792	0.0149110626199	0.000947891802459	0.00231774389556	0.00506990504366	0.00507726526382	0.00103729059696
k__Fungi;p__Ascomycota;c__Eurotiomycetes;o__Eurotiales	0.394322809088	0.146514055914	0.220653417215	0.295713910602	0.108217946881	0.103436501549	0.164000775256	0.125834215492	0.161848878178	0.0957721674449	0.189641352978	0.117315788314	0.0145716821633	0.131134191107	0.223922794293	0.330860689623	0.231402244005
k__Fungi;p__Ascomycota;c__Eurotiomycetes;o__Onygenales	0.000212452050752	0.00230720647565	0.00596940234487	0.0109172069725	0.00285263966862	0.322089705129	0.00018241309726	0.00164541814332	0.000314345963929	0.00278070653118	0.00145732231598	0.000187352597589	0.000353305126371	0.0186672346183	0.00078732643031	0.00365656259826	0.00150407136559
k__Fungi;p__Ascomycota;c__Eurotiomycetes;o__Pyrenulales	1.18028917085e-05	1.28894216517e-05	0.0	0.0	0.0	0.0	0.0	0.0	0.0	0.0	0.0	0.0	0.0	0.0	0.0	0.0	0.0
k__Fungi;p__Ascomycota;c__Eurotiomycetes;o__Verrucariales	2.36057834169e-05	2.57788433033e-05	8.93623105519e-05	1.00991738876e-05	0.0	0.0	0.0	0.0	1.3097748497e-05	1.15862772133e-05	0.0	3.30622231039e-05	1.72343964084e-05	0.0	0.0	0.0	0.0
k__Fungi;p__Ascomycota;c__Eurotiomycetes;o__unidentified	2.36057834169e-05	0.0	0.0	3.02975216627e-05	0.0	1.21948245165e-05	1.14008185788e-05	0.0	1.3097748497e-05	0.0	0.000320610909515	2.20414820693e-05	0.0	0.0	0.0	1.16451038161e-05	0.0
k__Fungi;p__Ascomycota;c__Geoglossomycetes;o__Geoglossales	2.36057834169e-05	1.28894216517e-05	0.0	1.00991738876e-05	1.30257519115e-05	1.21948245165e-05	0.0	0.0	0.0	0.0	0.0	1.10207410346e-05	0.0	1.25283453814e-05	0.0	0.0	0.0
k__Fungi;p__Ascomycota;c__Lecanoromycetes;o__Acarosporales	0.0	0.0	1.78724621104e-05	0.0	0.0	1.21948245165e-05	0.0	0.0	0.0	0.0	0.0	0.0	0.0	0.0	0.0	0.0	0.0
k__Fungi;p__Ascomycota;c__Lecanoromycetes;o__Agyriales	0.0	0.00038668264955	0.000160852158993	3.02975216627e-05	2.60515038231e-05	0.0	4.56032743151e-05	1.15064205827e-05	0.0	0.0	5.82928926391e-05	0.0	0.000137875171267	2.50566907629e-05	1.1929188338e-05	1.16451038161e-05	3.4576353232e-05
k__Fungi;p__Ascomycota;c__Lecanoromycetes;o__Candelariales	1.18028917085e-05	0.0	0.0	0.0	0.0	0.0	0.0	0.0	0.0	0.0	0.0	0.0	0.0	0.0	1.1929188338e-05	0.0	0.0
k__Fungi;p__Ascomycota;c__Lecanoromycetes;o__Lecanorales	0.000236057834169	0.00038668264955	0.000303831855876	0.000242380173302	0.000208412030584	0.00178044437941	0.000273619645891	0.000414231140977	0.000314345963929	0.000231725544265	0.000349757355834	0.000374705195177	0.000517031892251	0.00061388892369	0.000560671851887	0.000291127595403	0.00121017236312
k__Fungi;p__Ascomycota;c__Lecanoromycetes;o__Lecideales	1.18028917085e-05	2.57788433033e-05	0.0	0.0	1.30257519115e-05	0.0	0.0	1.15064205827e-05	0.0	1.15862772133e-05	0.0	3.30622231039e-05	0.0	0.0	1.1929188338e-05	2.32902076322e-05	1.7288176616e-05
k__Fungi;p__Ascomycota;c__Lecanoromycetes;o__Ostropales	3.54086751254e-05	2.57788433033e-05	0.0	5.04958694379e-05	3.90772557346e-05	0.0	1.14008185788e-05	1.15064205827e-05	0.0	0.0	0.000466343141113	2.20414820693e-05	8.61719820418e-06	0.0	1.1929188338e-05	0.0	1.7288176616e-05
k__Fungi;p__Ascomycota;c__Lecanoromycetes;o__Peltigerales	2.36057834169e-05	2.57788433033e-05	0.0	1.00991738876e-05	1.30257519115e-05	0.0	5.70040928939e-05	2.30128411654e-05	0.0	2.31725544265e-05	0.0	0.0	0.0	1.25283453814e-05	4.77167533521e-05	0.00161866943044	0.000121017236312
k__Fungi;p__Ascomycota;c__Lecanoromycetes;o__Pertusariales	0.000165240483919	0.000554245131021	5.36173863311e-05	0.000171685956089	0.000586158836019	0.000999975610351	0.000171012278682	0.000529295346804	0.000117879736473	0.000173794158199	0.000349757355834	0.000341642972073	0.00031021913535	0.00140317468272	0.000548742663549	5.82255190805e-05	0.000414916238784
k__Fungi;p__Ascomycota;c__Lecanoromycetes;o__Teloschistales	2.36057834169e-05	2.57788433033e-05	7.14898484415e-05	9.08925649882e-05	1.30257519115e-05	1.21948245165e-05	2.28016371575e-05	0.0	0.0	2.31725544265e-05	0.0	0.0	4.30859910209e-05	0.0	0.0	2.32902076322e-05	0.0
k__Fungi;p__Ascomycota;c__Leotiomycetes;o__Erysiphales	1.18028917085e-05	2.57788433033e-05	1.78724621104e-05	6.05950433255e-05	6.51287595576e-05	1.21948245165e-05	0.0	2.30128411654e-05	1.3097748497e-05	2.31725544265e-05	1.45732231598e-05	7.71451872424e-05	0.000180961162288	3.75850361443e-05	0.0	3.49353114483e-05	0.0
k__Fungi;p__Ascomycota;c__Leotiomycetes;o__Helotiales	0.0116730598997	0.095871518245	0.00044681155276	0.00377709103395	0.00131560094306	0.00106094973293	0.0317854821976	0.00163391172274	0.0022266172445	0.0489636075033	0.0156662148967	0.059512001587	0.0512292433238	0.000425963742968	0.00164622799065	0.00598558336148	0.00110644330342
k__Fungi;p__Ascomycota;c__Leotiomycetes;o__Leotiomycetes_ord_Incertae_sedis	0.000802596636176	0.00184318729619	0.0104732627967	0.00222181825527	0.00285263966862	0.00170727543231	0.000604243384675	0.000149583467575	0.00141455683768	0.000451864811317	0.000276891240036	0.000628182238974	0.00130119692883	0.00338265325298	0.000524884286873	0.00107134955108	0.00511730027834
k__Fungi;p__Ascomycota;c__Leotiomycetes;o__unidentified	0.0	0.0	0.0	0.0	6.51287595576e-05	0.0	0.000136809822945	0.0	2.61954969941e-05	1.15862772133e-05	1.45732231598e-05	0.0	0.000284367540738	0.0	3.57875650141e-05	2.32902076322e-05	3.4576353232e-05
k__Fungi;p__Ascomycota;c__Orbiliomycetes;o__Orbiliales	0.00105045736205	0.00108271141874	0.000714898484415	0.0014643802137	0.00149796146983	0.000317065437428	0.00754734189915	0.00657016615271	0.00203015101704	0.0020044259579	0.00153018843178	0.0227908924596	0.000232664351513	0.00157857151806	0.00316123490958	0.00089667299384	0.00100271424373
k__Fungi;p__Ascomycota;c__Orbiliomycetes;o__unidentified	9.44231336677e-05	0.00247476895712	0.000178724621104	0.000595851259367	0.00239673835172	0.00148776859101	0.000307822101627	0.00563814608552	0.000157172981964	0.000104276494919	0.000116585785278	0.000209394079658	0.000525649090455	0.000137811799196	0.000763468053634	0.00115286527779	0.0171844475563
k__Fungi;p__Ascomycota;c__Pezizomycetes;o__Pezizales	0.0103039244615	0.00275833623345	0.0957606519874	0.00181785129976	0.117375050475	0.00341455086461	0.00275899809606	0.0233925530446	0.0112378682105	0.321866780985	0.00370159868258	0.00191760894003	0.0198023214732	0.00711610017665	0.00616739037076	0.0252349399695	0.078834085369
k__Fungi;p__Ascomycota;c__Pezizomycetes;o__unidentified	3.54086751254e-05	0.00023200958973	0.0	5.04958694379e-05	0.000638261843665	0.0	0.0	5.75321029134e-05	2.61954969941e-05	0.0011354551669	0.0	0.0	0.000189578360492	0.000927097558225	0.0	0.0	0.0
k__Fungi;p__Ascomycota;c__Pezizomycotina_cls_Incertae_sedis;o__Pezizomycotina_ord_Incertae_sedis	0.00114488049572	0.000335124962943	0.000965112953961	0.000191884303864	0.00155006447747	4.87792980659e-05	0.000193813915839	0.000149583467575	0.000170270730461	0.000359174593611	0.000218598347396	0.000672265203112	8.61719820418e-06	0.000150340144577	4.77167533521e-05	0.000128096141977	0.00017288176616
k__Fungi;p__Ascomycota;c__Saccharomycetes;o__Saccharomycetales	0.000719976394217	0.0	0.000107234772662	0.0	9.11802633807e-05	0.0	0.00385347667963	0.0	2.61954969941e-05	0.00118180027575	0.00109299173698	5.51037051731e-05	8.61719820418e-05	1.25283453814e-05	0.0	3.49353114483e-05	1.7288176616e-05
k__Fungi;p__Ascomycota;c__Sordariomycetes;o__Chaetosphaeriales	0.0129713779876	0.0	3.57449242208e-05	0.00176735543033	0.0	0.000134143069681	0.0	0.0	0.0142110571193	0.000347588316398	0.000233171570556	0.00578588904318	6.03203874292e-05	0.000501133815257	1.1929188338e-05	1.16451038161e-05	0.0
k__Fungi;p__Ascomycota;c__Sordariomycetes;o__Coniochaetales	0.00046031277663	0.00104404315378	0.000893623105519	0.0216627279889	0.000442875564992	0.000743884295505	0.00125409004367	0.0167073226861	0.00013097748497	0.00253739470971	0.00679112199245	0.00610549053318	0.00463605263385	0.000212981871484	0.00011929188338	2.32902076322e-05	0.000639662534792
k__Fungi;p__Ascomycota;c__Sordariomycetes;o__Diaporthales	0.0090528179404	0.00732119149814	0.00782813840435	0.00136338847482	0.00457203892095	0.00173166508134	0.000353425375942	0.00123118700235	0.00626072378158	0.000254898098692	0.00327897521095	0.000617161497939	0.000172343964084	0.00801814104411	0.00429450780169	0.00123438100451	0.00148678318898
k__Fungi;p__Ascomycota;c__Sordariomycetes;o__Hypocreales	0.0772617291236	0.155729992395	0.163014726909	0.219919610576	0.224616065962	0.172910416819	0.0517141130733	0.177394486123	0.189760180225	0.0570160701665	0.184701030327	0.0664771099209	0.0524356510724	0.228767586665	0.191379968507	0.192016116824	0.274743702782
k__Fungi;p__Ascomycota;c__Sordariomycetes;o__Hypocreomycetidae_ord_Incertae_sedis	0.0	0.0	0.0	4.03966955503e-05	1.30257519115e-05	0.0	0.0	0.000437243982142	6.54887424852e-05	3.47588316398e-05	0.0	3.30622231039e-05	8.61719820418e-06	1.25283453814e-05	0.00106169776208	0.00178170088386	1.7288176616e-05
k__Fungi;p__Ascomycota;c__Sordariomycetes;o__Lulworthiales	0.0	0.0	0.0	0.0	0.0	0.0	0.0	0.0	0.0	0.0	4.37196694793e-05	0.0	0.0	0.0	0.0	0.0	0.0
k__Fungi;p__Ascomycota;c__Sordariomycetes;o__Magnaporthales	0.000165240483919	0.00485931196267	0.0	0.00099981821487	3.90772557346e-05	0.000268286139362	0.00165311869392	0.000678878814378	5.23909939881e-05	0.000741521741649	0.000568355703231	0.00123432299588	8.61719820418e-06	0.000914569212844	0.000274371331775	0.000104805934345	0.0
k__Fungi;p__Ascomycota;c__Sordariomycetes;o__Melanosporales	1.18028917085e-05	0.0	0.000250214469545	0.0	0.0	0.0	0.0	0.0	0.0	0.0	0.0	0.0	2.58515946125e-05	1.25283453814e-05	0.0	0.0	0.0
k__Fungi;p__Ascomycota;c__Sordariomycetes;o__Microascales	8.26202419593e-05	0.00378948996559	0.00285959393766	0.00066654547658	0.00549686730667	0.0128045657423	0.000490235198887	0.000276154093984	0.00195156452606	0.000104276494919	0.000364330578994	5.51037051731e-05	0.000766930640172	0.00533707513249	0.0119888342797	0.0340153482468	0.00546306381066
k__Fungi;p__Ascomycota;c__Sordariomycetes;o__Sordariales	0.0360106226025	0.0147197195262	0.00605876465542	0.0278838191036	0.0382566333642	0.0201946293993	0.0314548584588	0.0159018732453	0.00713827293088	0.0278649966979	0.0182748218423	0.0331173268091	0.0668694580644	0.00328242648993	0.0064298325142	0.0368451084741	0.0246529398544
k__Fungi;p__Ascomycota;c__Sordariomycetes;o__Sordariomycetes_ord_Incertae_sedis	0.0	5.15576866066e-05	0.0	1.00991738876e-05	0.000872725378072	0.0013292358723	4.56032743151e-05	8.05449440788e-05	2.61954969941e-05	3.47588316398e-05	0.0	0.000176331856554	8.61719820418e-06	0.00035079367068	1.1929188338e-05	6.98706228966e-05	0.000449492592016
k__Fungi;p__Ascomycota;c__Sordariomycetes;o__Sordariomycetidae_ord_Incertae_sedis	0.0	0.0	0.0	4.03966955503e-05	7.81545114692e-05	0.0	4.56032743151e-05	0.0	1.3097748497e-05	0.0	1.45732231598e-05	0.000132248892416	8.61719820418e-06	0.0	0.0	0.000232902076322	0.0
k__Fungi;p__Ascomycota;c__Sordariomycetes;o__Xylariales	0.0118973148421	0.101065955171	0.0606770088647	0.00741279363348	0.00577040809681	0.0141825809127	0.014832464971	0.0055806139826	0.00324824162726	0.0020044259579	0.0144712105976	0.00281028896383	0.0281610037312	0.00975958105213	0.0118814715847	0.00409907654327	0.00895527548709
k__Fungi;p__Ascomycota;c__Sordariomycetes;o__unidentified	0.00326940100325	0.00921593648093	0.0171933085502	0.00662505807025	0.00773729663545	0.00278041998976	0.00250818008733	0.00416532425093	0.00801582208018	0.00501685803335	0.000670368265349	0.0151645396636	0.0438960076521	0.0050614515341	0.011821825643	0.0156626646327	0.0053939111042
k__Fungi;p__Ascomycota;c__Taphrinomycetes;o__Taphrinales	1.18028917085e-05	1.28894216517e-05	3.57449242208e-05	5.04958694379e-05	0.000403798309257	1.21948245165e-05	2.28016371575e-05	6.90385234961e-05	0.0	5.79313860663e-05	0.000218598347396	4.40829641385e-05	9.47891802459e-05	0.000338265325298	0.0	3.49353114483e-05	5.1864529848e-05
k__Fungi;p__Ascomycota;c__unidentified;o__unidentified	0.0537267630569	0.104507430752	0.0711145267372	0.0675331757862	0.104349298563	0.0547059827809	0.0796119161356	0.081200810052	0.133610132418	0.0591016000649	0.104956353197	0.285238819458	0.0516773376304	0.040729650835	0.150164622799	0.0510288449222	0.0664903272652
k__Fungi;p__Basidiomycota;c__Agaricomycetes;o__Agaricales	0.0052994983771	0.0179936326257	0.00704175007149	0.0110686945808	0.0140026833049	0.00499987805175	0.0339174352719	0.0129447231555	0.0477543910202	0.0166378940783	0.010580160014	0.0153408715202	0.0938240540471	0.00498628146181	0.00703822111944	0.0360532414146	0.0038898397386
k__Fungi;p__Basidiomycota;c__Agaricomycetes;o__Auriculariales	0.000660961935674	0.0	0.000321704317987	0.00151487608314	0.00102903440101	1.21948245165e-05	0.0127005118968	1.15064205827e-05	3.92932454911e-05	0.0	0.0	8.8165928277e-05	8.61719820418e-06	8.769841767e-05	0.000202796201746	6.98706228966e-05	0.0
k__Fungi;p__Basidiomycota;c__Agaricomycetes;o__Boletales	0.00015343759221	1.28894216517e-05	0.000804260794967	1.00991738876e-05	5.21030076461e-05	0.0	0.000171012278682	1.15064205827e-05	6.54887424852e-05	8.11039404929e-05	0.000116585785278	3.30622231039e-05	2.58515946125e-05	0.0	5.96459416901e-05	0.000326062906851	3.4576353232e-05
k__Fungi;p__Basidiomycota;c__Agaricomycetes;o__Cantharellales	0.00158158748893	0.00030934611964	0.00257363454389	0.000454462824941	0.0240585637806	0.000426818858077	0.0157103280016	0.0809016431169	0.00163721856213	0.0130113893105	0.0023171424824	0.0206528686989	0.0142011426405	0.000664002305216	0.00696664598941	0.00971201658263	0.0122400290441
k__Fungi;p__Basidiomycota;c__Agaricomycetes;o__Corticiales	0.000224254942461	0.000128894216517	0.0	0.0	3.90772557346e-05	0.0	0.0253212180635	8.05449440788e-05	2.61954969941e-05	0.0578734546803	4.37196694793e-05	0.0	0.0109783105121	0.0	0.0	0.000104805934345	0.0
k__Fungi;p__Basidiomycota;c__Agaricomycetes;o__Geastrales	9.44231336677e-05	1.28894216517e-05	8.93623105519e-05	0.000262578521077	0.0	0.0	4.56032743151e-05	3.45192617481e-05	2.61954969941e-05	0.0104276494919	0.000102012562118	6.61244462078e-05	3.44687928167e-05	3.75850361443e-05	3.57875650141e-05	1.16451038161e-05	1.7288176616e-05
k__Fungi;p__Basidiomycota;c__Agaricomycetes;o__Hymenochaetales	2.36057834169e-05	0.000902259515616	0.000661281098084	0.000272677694965	7.81545114692e-05	0.000219506841297	0.0018811350655	0.000747917337875	5.23909939881e-05	3.47588316398e-05	0.00147189553914	0.00104697039829	0.00068075865813	0.000125283453814	0.00205182039414	0.000535674775541	0.000207458119392
k__Fungi;p__Basidiomycota;c__Agaricomycetes;o__Polyporales	9.44231336677e-05	0.00108271141874	0.000339576780097	0.00099981821487	0.0015761159813	0.000219506841297	0.000273619645891	0.00178349519032	0.00013097748497	0.000231725544265	0.000349757355834	0.0	2.58515946125e-05	0.000162868489959	0.000668034546929	0.000291127595403	0.000449492592016
k__Fungi;p__Basidiomycota;c__Agaricomycetes;o__Russulales	0.0	0.00023200958973	0.000107234772662	0.000100991738876	0.000651287595576	0.000170727543231	6.84049114726e-05	0.0	2.61954969941e-05	0.00168001019592	0.000160305454757	0.0246864599176	0.0	1.25283453814e-05	0.0	9.31608305288e-05	0.000103729059696
k__Fungi;p__Basidiomycota;c__Agaricomycetes;o__Sebacinales	0.0	1.28894216517e-05	0.0	1.00991738876e-05	0.0	7.31689470989e-05	1.14008185788e-05	0.0	0.0	1.15862772133e-05	7.28661157988e-05	1.10207410346e-05	5.17031892251e-05	0.0	0.0	0.0	0.0
k__Fungi;p__Basidiomycota;c__Agaricomycetes;o__Thelephorales	0.000743582177634	1.28894216517e-05	8.93623105519e-05	9.08925649882e-05	2.60515038231e-05	0.0	0.0	2.30128411654e-05	0.000576300933869	0.0	1.45732231598e-05	9.91866693116e-05	0.0	0.0	0.0	2.32902076322e-05	0.0
k__Fungi;p__Basidiomycota;c__Agaricomycetes;o__Trechisporales	0.0178341693715	0.0584535271902	0.0048255647698	0.0245005958513	0.0182100011723	0.0969122704324	0.0122444791536	0.0509504303401	0.00563203185372	0.0159543037227	0.0277619901194	0.0238929665631	0.0456366816893	0.190368208071	0.0654077396574	0.00288798574639	0.0372041560777
k__Fungi;p__Basidiomycota;c__Agaricomycetes;o__unidentified	7.08173502508e-05	0.000167562481471	0.000125107234773	8.07933911006e-05	0.000104206015292	0.0	0.0	0.0	5.23909939881e-05	5.79313860663e-05	2.91464463195e-05	2.20414820693e-05	6.89375856334e-05	6.26417269071e-05	0.000679963735267	0.0104340130192	1.7288176616e-05
k__Fungi;p__Basidiomycota;c__Agaricostilbomycetes;o__Agaricostilbales	1.18028917085e-05	0.0	3.57449242208e-05	5.04958694379e-05	0.000325643797788	0.0	3.42024557363e-05	9.20513646615e-05	0.0	8.11039404929e-05	8.74393389586e-05	6.61244462078e-05	0.0	0.0	0.0	1.16451038161e-05	0.0
k__Fungi;p__Basidiomycota;c__Atractiellomycetes;o__Atractiellales	0.0	0.0	0.0	0.0	0.0	0.0	0.0	0.0	0.0	0.0	0.000160305454757	0.0	0.0	0.0	0.0	0.0	0.0
k__Fungi;p__Basidiomycota;c__Cystobasidiomycetes;o__Cystobasidiales	9.44231336677e-05	6.44471082583e-05	5.36173863311e-05	0.000282776868852	0.0	0.0	0.00129969331798	0.0	0.0	5.79313860663e-05	5.82928926391e-05	0.000176331856554	0.0	0.000726644032123	0.0	1.16451038161e-05	3.4576353232e-05
k__Fungi;p__Basidiomycota;c__Cystobasidiomycetes;o__Erythrobasidiales	2.36057834169e-05	0.0	0.0	7.0694217213e-05	1.30257519115e-05	0.0	0.000364826194521	0.0	0.0	5.79313860663e-05	0.000276891240036	8.8165928277e-05	2.58515946125e-05	8.769841767e-05	0.0	0.0	0.0
k__Fungi;p__Basidiomycota;c__Cystobasidiomycetes;o__unidentified	3.54086751254e-05	0.0	0.000160852158993	3.02975216627e-05	6.51287595576e-05	0.0	1.14008185788e-05	0.0	1.3097748497e-05	0.0	0.0	0.0	3.44687928167e-05	0.0	0.0	2.32902076322e-05	0.0
k__Fungi;p__Basidiomycota;c__Exobasidiomycetes;o__Exobasidiales	0.0	0.0	0.0	0.0	0.0	0.0	1.14008185788e-05	0.0	0.0	0.0	0.0	0.0	0.0	0.0	1.1929188338e-05	0.0	0.0
k__Fungi;p__Basidiomycota;c__Microbotryomycetes;o__Leucosporidiales	8.26202419593e-05	1.28894216517e-05	0.0	3.02975216627e-05	0.0	0.0	0.0	0.0	1.3097748497e-05	1.15862772133e-05	0.0	5.51037051731e-05	1.72343964084e-05	0.000726644032123	1.1929188338e-05	1.16451038161e-05	0.000155593589544
k__Fungi;p__Basidiomycota;c__Microbotryomycetes;o__Microbotryales	0.0	0.0	0.0	0.0	0.0	0.0	0.0	0.0	0.0	2.31725544265e-05	0.0	0.0	0.0	0.0	0.0	0.0	0.0
k__Fungi;p__Basidiomycota;c__Microbotryomycetes;o__Sporidiobolales	0.000200649159044	1.28894216517e-05	0.000285959393766	7.0694217213e-05	7.81545114692e-05	0.0	5.70040928939e-05	4.60256823307e-05	0.0	6.95176632796e-05	1.45732231598e-05	4.40829641385e-05	0.000603203874292	0.0	0.000167008636732	0.000302772699219	0.000155593589544
k__Fungi;p__Basidiomycota;c__Microbotryomycetes;o__unidentified	0.0	1.28894216517e-05	0.0	0.0	0.0	0.0	0.0	0.0	0.0	0.0	0.0	1.10207410346e-05	5.17031892251e-05	1.25283453814e-05	0.0	0.0	0.0
k__Fungi;p__Basidiomycota;c__Tremellomycetes;o__Cystofilobasidiales	0.000165240483919	1.28894216517e-05	0.00092936802974	0.0	6.51287595576e-05	0.0	0.0	0.000264647673402	2.61954969941e-05	2.31725544265e-05	0.0	0.0	1.72343964084e-05	0.000300680289154	4.77167533521e-05	0.0	0.0
k__Fungi;p__Basidiomycota;c__Tremellomycetes;o__Filobasidiales	9.44231336677e-05	0.0	1.78724621104e-05	5.04958694379e-05	5.21030076461e-05	0.0	0.0	5.75321029134e-05	0.0	0.0	0.0	5.51037051731e-05	0.000180961162288	0.0	4.77167533521e-05	0.000151386349609	0.0
k__Fungi;p__Basidiomycota;c__Tremellomycetes;o__Tremellales	0.0320920625553	0.00306768235309	0.00750643408636	0.0123209921428	0.00492373422256	0.000939001487769	0.0407693272377	0.00474064528007	0.021978021978	0.0437845415889	0.10889112345	0.0290176111442	0.00735047006816	0.00850674651399	0.00495061316028	0.0110861388329	0.0110817212109
k__Fungi;p__Basidiomycota;c__Tremellomycetes;o__Trichosporonales	1.18028917085e-05	0.0	0.0	1.00991738876e-05	0.0	0.0	2.28016371575e-05	0.0	0.000196466227456	0.00291974185774	1.45732231598e-05	0.0	0.0	0.0	0.0	1.16451038161e-05	0.0
k__Fungi;p__Basidiomycota;c__Tremellomycetes;o__unidentified	0.000200649159044	0.0	0.0	0.000323173564402	0.0	0.0	0.000570040928939	0.000241634832236	0.00124428610722	0.000660417801156	0.007388624142	0.000385725936212	0.0	0.0	2.38583766761e-05	0.0	0.0
k__Fungi;p__Basidiomycota;c__Tritirachiomycetes;o__Tritirachiomycetes_ord_Incertae_sedis	0.0	0.000116004794865	0.0	0.0	0.000403798309257	0.000487792980659	3.42024557363e-05	1.15064205827e-05	0.0	0.0	0.0	1.10207410346e-05	8.61719820418e-05	1.25283453814e-05	0.00112134370377	0.000151386349609	0.00337119444012
k__Fungi;p__Basidiomycota;c__Ustilaginomycotina_cls_Incertae_sedis;o__Malasseziales	3.54086751254e-05	1.28894216517e-05	0.0	0.0	0.0	0.0	1.14008185788e-05	3.45192617481e-05	0.0	1.15862772133e-05	0.0	0.0	0.0	0.0	0.000143150260056	0.0	0.000190169942776
k__Fungi;p__Basidiomycota;c__Wallemiomycetes;o__Geminibasidiales	0.0	9.02259515616e-05	0.0	1.00991738876e-05	0.0	0.0	0.0	0.0	0.0	0.0	0.0	0.0	0.0	0.0	0.0	0.0	0.0
k__Fungi;p__Basidiomycota;c__Wallemiomycetes;o__Wallemiales	0.0	1.28894216517e-05	0.00184086359737	0.000535256216042	0.0	0.0	0.0111728022072	0.000276154093984	0.00013097748497	0.00111228261247	0.000830673720107	0.000528995569662	8.61719820418e-06	0.00310702965459	0.00227847497256	0.000197966764874	0.000276610825856
k__Fungi;p__Basidiomycota;c__Wallemiomycetes;o__unidentified	0.0	0.000296456697988	3.57449242208e-05	0.0	3.90772557346e-05	0.000146337894198	0.0	0.0	0.0	0.0	0.0	0.0	0.0	0.0	0.0	0.0	0.0
k__Fungi;p__Basidiomycota;c__unidentified;o__unidentified	0.000224254942461	0.000193341324775	0.00176937374893	0.000242380173302	0.000377746805434	1.21948245165e-05	1.14008185788e-05	0.000747917337875	9.16842394792e-05	5.79313860663e-05	0.000174878677917	0.000165311115519	2.58515946125e-05	0.000325736979917	2.38583766761e-05	8.15157267127e-05	5.1864529848e-05
k__Fungi;p__Chytridiomycota;c__Blastocladiomycetes;o__Blastocladiales	0.0	0.0	0.000125107234773	0.0	0.0	0.0	0.0	0.0	0.0	0.0	1.45732231598e-05	1.10207410346e-05	3.44687928167e-05	0.0	0.0	0.0	0.0
k__Fungi;p__Chytridiomycota;c__Chytridiomycetes;o__Olpidiales	7.08173502508e-05	3.8668264955e-05	0.00200171575636	1.00991738876e-05	6.51287595576e-05	0.000682910172923	2.28016371575e-05	0.0779214801859	0.000235759472947	1.15862772133e-05	0.000160305454757	7.71451872424e-05	0.000241281549717	0.000952154248988	2.38583766761e-05	9.31608305288e-05	5.1864529848e-05
k__Fungi;p__Chytridiomycota;c__Chytridiomycetes;o__Rhizophlyctidales	1.18028917085e-05	0.0	0.0	0.0	6.51287595576e-05	0.0	0.0	0.0	0.0	0.0	2.91464463195e-05	0.0	0.0	0.0	0.0	0.0	0.0
k__Fungi;p__Chytridiomycota;c__Chytridiomycetes;o__Spizellomycetales	0.0	0.0	0.0	0.0	0.0	0.0	0.0	1.15064205827e-05	0.0	0.0	2.91464463195e-05	1.10207410346e-05	8.61719820418e-06	5.01133815257e-05	0.0	0.0	3.4576353232e-05
k__Fungi;p__Chytridiomycota;c__Chytridiomycetes;o__unidentified	0.0	0.0	0.000142979696883	0.000252479347189	1.30257519115e-05	0.0	1.14008185788e-05	0.0	0.0	0.0	0.0	0.0	0.0	0.0	0.0	0.0	0.0
k__Fungi;p__Chytridiomycota;c__Monoblepharidomycetes;o__unidentified	0.000672764827383	0.00333836020778	7.14898484415e-05	0.000383768607728	0.00199294004246	0.00181702885295	0.00123128840651	0.00323330418373	0.000261954969941	0.000301243207545	0.00323525554147	0.000473891864489	0.0	0.000288151943773	0.00141957341223	0.000989833824369	0.00264509102225
k__Fungi;p__Chytridiomycota;c__unidentified;o__unidentified	8.26202419593e-05	3.8668264955e-05	5.36173863311e-05	9.08925649882e-05	1.30257519115e-05	4.87792980659e-05	0.000125409004367	2.30128411654e-05	0.0	1.15862772133e-05	1.45732231598e-05	0.0	0.0	2.50566907629e-05	1.1929188338e-05	0.0	0.0
k__Fungi;p__Glomeromycota;c__Glomeromycetes;o__Archaeosporales	0.000118028917085	2.57788433033e-05	5.36173863311e-05	8.07933911006e-05	3.90772557346e-05	0.0	0.000136809822945	5.75321029134e-05	2.61954969941e-05	0.000162207880986	0.000116585785278	0.000110207410346	8.61719820418e-06	2.50566907629e-05	8.35043183662e-05	1.16451038161e-05	8.64408830801e-05
k__Fungi;p__Glomeromycota;c__Glomeromycetes;o__Diversisporales	0.0	1.28894216517e-05	0.0	0.0	0.0	0.0	3.42024557363e-05	1.15064205827e-05	0.0	4.63451088531e-05	7.28661157988e-05	0.00110207410346	0.0	0.0	2.38583766761e-05	4.65804152644e-05	0.000207458119392
k__Fungi;p__Glomeromycota;c__Glomeromycetes;o__Glomerales	0.0	0.00126316332186	0.0	2.01983477752e-05	0.0	0.0	0.00403588977689	9.20513646615e-05	0.0	0.000324415761972	0.0	0.00154290374485	0.00236111230794	2.50566907629e-05	0.0	0.000652125813702	0.00596442093252
k__Fungi;p__Glomeromycota;c__Glomeromycetes;o__Paraglomerales	0.0	0.0	0.0	0.0	0.0	0.0	2.28016371575e-05	0.0	0.0	0.0	1.45732231598e-05	4.40829641385e-05	0.0	0.0	0.0	0.0	3.4576353232e-05
k__Fungi;p__Glomeromycota;c__Glomeromycetes;o__unidentified	0.000554735910298	0.000206230746426	0.000250214469545	0.000181785129976	0.000534055828373	0.000256091314846	5.70040928939e-05	3.45192617481e-05	0.00167651180762	9.26902177061e-05	0.00116585785278	0.000418788159316	2.58515946125e-05	0.000476077124494	0.000298229708451	0.000593900294621	0.000103729059696
k__Fungi;p__Glomeromycota;c__unidentified;o__unidentified	0.0	0.0	0.0	0.0	0.0	0.0	6.84049114726e-05	8.05449440788e-05	0.0	0.0	0.0	0.0	0.0	0.0	0.0	0.0	0.0
k__Fungi;p__Rozellomycota;c__unidentified;o__unidentified	0.000177043375627	0.0	3.57449242208e-05	0.0	0.0	1.21948245165e-05	4.56032743151e-05	0.000460256823307	0.00209563975953	0.0	0.000145732231598	0.00362582380039	8.61719820418e-05	0.0	0.00140764422389	0.000116451038161	0.00136576595266
k__Fungi;p__Zygomycota;c__Mortierellomycotina_cls_Incertae_sedis;o__Mortierellales	0.00649159043966	0.00547800420195	0.013922647984	0.0157042153952	0.0786364642899	0.0222311650935	0.00902944831439	0.056220370967	0.0513824673539	0.0102538553337	0.0149229805156	0.00678877647733	0.00161141606418	0.0221876996705	0.00322088085127	0.0134733851152	0.00243763290286
k__Fungi;p__Zygomycota;c__Mucoromycotina_cls_Incertae_sedis;o__Endogonales	0.0	0.0	0.0	0.0	0.0	0.0	2.28016371575e-05	0.0	0.0	0.0	0.0	0.0	0.0	0.0	0.0	0.0	0.0
k__Fungi;p__Zygomycota;c__Mucoromycotina_cls_Incertae_sedis;o__Mucorales	2.36057834169e-05	0.000128894216517	0.0369066342579	2.01983477752e-05	0.000703390603223	7.31689470989e-05	5.70040928939e-05	1.15064205827e-05	3.92932454911e-05	1.15862772133e-05	0.000276891240036	0.00059512001587	0.000758313441967	0.000112755108433	0.000202796201746	0.000291127595403	0.0014003423059
k__Fungi;p__Zygomycota;c__Mucoromycotina_cls_Incertae_sedis;o__Mucoromycotina_ord_Incertae_sedis	9.44231336677e-05	0.0	0.0	0.0	0.00130257519115	0.0	0.0	0.0245316886823	0.0	0.0	0.0	0.00045185038242	0.0	0.0	1.1929188338e-05	0.0	1.7288176616e-05
k__Fungi;p__Zygomycota;c__Zoopagomycotina_cls_Incertae_sedis;o__Zoopagales	0.0	6.44471082583e-05	1.78724621104e-05	1.00991738876e-05	1.30257519115e-05	4.87792980659e-05	0.0	0.0	0.0	0.0	1.45732231598e-05	1.10207410346e-05	8.61719820418e-06	0.0	2.38583766761e-05	0.0	0.0
k__Fungi;p__Zygomycota;c__Zygomycota_cls_Incertae_sedis;o__Basidiobolales	0.0	0.000103115373213	0.0	5.04958694379e-05	5.21030076461e-05	0.000219506841297	0.0	0.0	2.61954969941e-05	3.47588316398e-05	0.000145732231598	0.000110207410346	1.72343964084e-05	0.000275623598391	4.77167533521e-05	3.49353114483e-05	5.1864529848e-05
k__Fungi;p__unidentified;c__unidentified;o__unidentified	0.044898200059	0.0401505484449	0.042750929368	0.0570906299865	0.0349871696344	0.0406209604644	0.164855836649	0.0485110691766	0.182975546504	0.0618707203189	0.137527506959	0.0715907337609	0.19539496928	0.0213107154938	0.0207567877082	0.0688807890722	0.0214892035337
k__Plantae;p__unidentified;c__unidentified;o__unidentified	2.36057834169e-05	0.0	0.0	0.0	0.0	2.4389649033e-05	0.0	0.0	0.0	0.0	0.000189451901077	0.0	0.0	0.0	1.1929188338e-05	0.0	0.0
k__Protista;p__Cercozoa;c__unidentified;o__unidentified	0.00165240483919	0.00116004794865	0.00178724621104	0.00160576864812	0.00179755376379	0.000463403331626	0.00210915143707	0.00289961798684	0.00374595607015	0.00108911005805	0.00479459041956	0.00309682823073	0.000611821072496	0.00289404778311	0.00361454406642	0.000966543616736	0.000328475355704
k__Protista;p__unidentified;c__unidentified;o__unidentified	3.54086751254e-05	0.0	0.0	0.0	0.0	0.0	0.0	4.60256823307e-05	2.61954969941e-05	0.0	0.0	2.20414820693e-05	0.0	1.25283453814e-05	1.1929188338e-05	1.16451038161e-05	0.0
k__unidentified;p__unidentified;c__unidentified;o__unidentified	0.0	0.000696028769189	0.0	5.04958694379e-05	2.60515038231e-05	0.0	0.0	3.45192617481e-05	6.54887424852e-05	1.15862772133e-05	8.74393389586e-05	8.8165928277e-05	0.0	0.0	0.0	1.16451038161e-05	3.4576353232e-05