# Constructed from biom file
#OTU ID	ITS.Mia.2	ITS.Mia.12	ITS.Mia.9	ITS.Mia.17	ITS.Mia.10	ITS.Mia.11	ITS.Mia.15	ITS.Mia.16	ITS.Mia.1	ITS.Mia.13	ITS.Mia.14	ITS.Mia.3	ITS.Mia.7	ITS.Mia.8	ITS.Mia.5	ITS.Mia.4	ITS.Mia.6
No blast hit;Other;Other;Other;Other	0.0297668928888	0.102329118492	0.0730983700315	0.039528166596	0.0453556681559	0.0576449354894	0.0447710145588	0.0342085883923	0.0350102817326	0.0281198947966	0.0436176569172	0.0403579536688	0.0945737502908	0.11889399767	0.0621391420528	0.0367519476436	0.0390885673288
k__Fungi;p__Ascomycota;c__Archaeorhizomycetes;o__Archaeorhizomycetales;f__Archaeorhizomycetaceae	0.000165240483919	0.000141783638168	1.78724621104e-05	2.01983477752e-05	2.60515038231e-05	0.0	0.0	0.0	0.0	5.79313860663e-05	1.45732231598e-05	2.20414820693e-05	2.58515946125e-05	1.25283453814e-05	2.38583766761e-05	1.16451038161e-05	6.9152706464e-05
k__Fungi;p__Ascomycota;c__Ascomycota_cls_Incertae_sedis;o__Ascomycota_ord_Incertae_sedis;f__Ascomycota_fam_Incertae_sedis	0.0	0.0	0.0	1.00991738876e-05	0.0	0.0	2.28016371575e-05	0.0	0.0	0.0	0.000189451901077	0.0	0.0	1.25283453814e-05	0.0	0.0	0.0
k__Fungi;p__Ascomycota;c__Dothideomycetes;o__Botryosphaeriales;f__Botryosphaeriaceae	0.000601947477132	0.000812033564054	0.000643408635974	0.000494859520491	0.000468927068815	0.000329260261945	0.000421830287415	0.000345192617481	0.000523909939881	0.000683590355583	0.000378903802154	0.000440829641385	0.000775547838376	0.00035079367068	0.000584530228563	0.000372643322115	0.00122746053974
k__Fungi;p__Ascomycota;c__Dothideomycetes;o__Botryosphaeriales;f__Botryosphaeriales_fam_Incertae_sedis	4.72115668339e-05	0.0	0.0	0.0	0.0	1.21948245165e-05	0.0	0.0	0.0	0.0	0.0	0.0	0.0	0.0	0.0	1.16451038161e-05	0.0
k__Fungi;p__Ascomycota;c__Dothideomycetes;o__Botryosphaeriales;f__unidentified	0.000129831808793	0.0	5.36173863311e-05	1.00991738876e-05	0.0	0.000365844735494	0.0034886504851	1.15064205827e-05	0.00013097748497	8.11039404929e-05	4.37196694793e-05	0.0	9.47891802459e-05	0.0	9.54335067042e-05	0.0	0.0
k__Fungi;p__Ascomycota;c__Dothideomycetes;o__Capnodiales;f__Capnodiales_fam_Incertae_sedis	0.000826202419593	0.000618692239279	0.000375321704318	0.000565553737704	0.000481952820727	0.00193897709812	0.00393328240968	0.00104708427302	0.00048461669439	0.00107752378083	0.00307495008671	0.000573078533801	0.00104268098271	0.00309450130921	0.000835043183662	0.000291127595403	0.000968137890497
k__Fungi;p__Ascomycota;c__Dothideomycetes;o__Capnodiales;f__Davidiellaceae	0.000472115668339	0.00015467305982	0.00225193022591	0.000727140519905	0.000560107332196	0.000536572278725	0.00291860955617	0.00171445666682	0.000419127951905	0.000753108018862	0.000218598347396	0.0019727126452	0.00146492369471	0.000187925180721	0.000536813475211	0.000454159048828	0.00060508618156
k__Fungi;p__Ascomycota;c__Dothideomycetes;o__Capnodiales;f__Mycosphaerellaceae	0.000365889642963	9.02259515616e-05	0.000125107234773	6.05950433255e-05	1.30257519115e-05	3.65844735494e-05	0.000775255663357	8.05449440788e-05	0.000406030203408	2.31725544265e-05	8.74393389586e-05	0.000220414820693	6.89375856334e-05	0.000150340144577	0.000131221071718	1.16451038161e-05	6.9152706464e-05
k__Fungi;p__Ascomycota;c__Dothideomycetes;o__Capnodiales;f__Teratosphaeriaceae	0.00318678076129	0.000103115373213	0.000965112953961	0.00881657880385	0.000247489286319	0.0	0.0389907995394	0.000138077046992	0.000772767161325	0.0153286447532	0.00980777918652	0.00218210672486	0.000258515946125	0.000313208634536	0.000632246981915	0.0013042516274	0.000276610825856
k__Fungi;p__Ascomycota;c__Dothideomycetes;o__Capnodiales;f__unidentified	0.00499262319268	0.000438240336156	0.00151915927938	0.000727140519905	0.00256607312657	0.000365844735494	0.00623624776259	0.00064435955263	0.0178522312015	0.0142742935267	0.00120957752226	0.00422094381626	0.00218015114566	0.000952154248988	0.000918547502028	0.000489094360276	0.000484068945248
k__Fungi;p__Ascomycota;c__Dothideomycetes;o__Dothideales;f__Dothideaceae	3.54086751254e-05	0.0	0.0	0.0	0.0	0.0	5.70040928939e-05	0.0	0.0	0.0	0.0	0.0	0.0	0.0	0.0	0.0	0.0
k__Fungi;p__Ascomycota;c__Dothideomycetes;o__Dothideales;f__Dothioraceae	0.00384774269696	6.44471082583e-05	0.000625536173863	0.000111090912763	0.000260515038231	3.65844735494e-05	0.000991871216353	0.000230128411654	7.85864909822e-05	0.000799453127716	0.00311866975619	0.00014326963345	0.000508414694046	3.75850361443e-05	8.35043183662e-05	0.000128096141977	0.000138305412928
k__Fungi;p__Ascomycota;c__Dothideomycetes;o__Dothideomycetes_ord_Incertae_sedis;f__Dothideomycetes_fam_Incertae_sedis	0.0	2.57788433033e-05	0.0	1.00991738876e-05	0.0	0.0	0.0	0.0	0.0	0.000231725544265	0.000932686282225	0.0	8.61719820418e-06	1.25283453814e-05	1.1929188338e-05	0.0	0.0
k__Fungi;p__Ascomycota;c__Dothideomycetes;o__Dothideomycetidae_ord_Incertae_sedis;f__Eremomycetaceae	0.00015343759221	0.00616114354949	0.0142800972262	9.08925649882e-05	0.00424639512316	0.00389014902076	0.000296421283048	0.000149583467575	0.00429606150703	0.000196966712626	0.000291464463195	0.000407767418281	0.00207674476721	0.00220498878713	0.00125256477549	0.00565952045462	0.00107186695019
k__Fungi;p__Ascomycota;c__Dothideomycetes;o__Hysteriales;f__Gloniaceae	5.90144585423e-05	0.0	0.0	0.0	0.0	0.0	0.0	0.0	0.0	0.0	0.000131159008438	0.0	0.0	0.0	0.0	0.0	0.0
k__Fungi;p__Ascomycota;c__Dothideomycetes;o__Hysteriales;f__unidentified	0.0	0.0	0.0	0.0	2.60515038231e-05	1.21948245165e-05	2.28016371575e-05	0.0	0.0	0.0	0.0	1.10207410346e-05	1.72343964084e-05	1.25283453814e-05	1.1929188338e-05	0.0	1.7288176616e-05
k__Fungi;p__Ascomycota;c__Dothideomycetes;o__Microthyriales;f__Microthyriaceae	0.0	0.0	8.93623105519e-05	0.000161586782201	0.0	0.0	0.0	0.0	1.3097748497e-05	0.0	0.0	0.0	8.61719820418e-06	0.0	0.000131221071718	0.0	0.0
k__Fungi;p__Ascomycota;c__Dothideomycetes;o__Patellariales;f__Patellariaceae	0.0	0.0	0.000268086931656	0.0	6.51287595576e-05	0.0	0.0	0.0	0.0	0.0	0.0	0.0	0.0	0.000137811799196	0.000262442143437	0.0	0.0
k__Fungi;p__Ascomycota;c__Dothideomycetes;o__Pleosporales;f__Cucurbitariaceae	0.0	0.0	0.0	2.01983477752e-05	0.0	1.21948245165e-05	0.0	0.0	0.0	0.0	0.0	6.61244462078e-05	0.0	1.25283453814e-05	0.0	0.0	1.7288176616e-05
k__Fungi;p__Ascomycota;c__Dothideomycetes;o__Pleosporales;f__Diademaceae	1.18028917085e-05	1.28894216517e-05	3.57449242208e-05	1.00991738876e-05	0.0	0.0	0.0	0.0	1.3097748497e-05	0.0	0.0	1.10207410346e-05	8.61719820418e-06	0.0	0.0	1.16451038161e-05	0.0
k__Fungi;p__Ascomycota;c__Dothideomycetes;o__Pleosporales;f__Didymosphaeriaceae	1.18028917085e-05	0.0	1.78724621104e-05	2.01983477752e-05	0.00887053705175	0.0	0.000102607367209	6.90385234961e-05	6.54887424852e-05	2.31725544265e-05	1.45732231598e-05	3.30622231039e-05	0.0	0.000162868489959	0.0	0.000104805934345	0.0
k__Fungi;p__Ascomycota;c__Dothideomycetes;o__Pleosporales;f__Lentitheciaceae	5.90144585423e-05	0.000373793227898	0.0144409493852	0.00099981821487	0.000104206015292	0.000329260261945	0.00153911050813	0.00255442536936	2.61954969941e-05	0.000289656930332	0.000189451901077	0.0341642972073	0.00336070729963	0.00117766446585	0.000739609676958	5.82255190805e-05	0.000328475355704
k__Fungi;p__Ascomycota;c__Dothideomycetes;o__Pleosporales;f__Leptosphaeriaceae	0.011212747123	5.15576866066e-05	0.00741707177581	0.0131390252277	0.00333459248935	0.000292675788395	0.000125409004367	0.00723753854651	0.00565822735072	0.000104276494919	7.28661157988e-05	0.000154290374485	0.000318836333555	0.00766734737343	0.000775397241972	0.00159537922281	0.00184983489791
k__Fungi;p__Ascomycota;c__Dothideomycetes;o__Pleosporales;f__Lophiostomataceae	0.00763647093538	0.00141783638168	0.000196597083214	0.0114726615363	0.000586158836019	0.000170727543231	0.0340998483691	0.000253141252819	0.00119189511323	0.00857384513782	0.00227342281292	0.000573078533801	1.72343964084e-05	0.0	0.000405592403493	9.31608305288e-05	8.64408830801e-05
k__Fungi;p__Ascomycota;c__Dothideomycetes;o__Pleosporales;f__Massarinaceae	0.0137621717321	0.0371086449351	7.14898484415e-05	8.07933911006e-05	0.00354300451994	0.0112680178532	0.000296421283048	0.00012657062641	0.000772767161325	0.000741521741649	0.00836503009371	6.61244462078e-05	0.159995519057	0.0615893458951	0.00502218829031	0.000500739464092	0.016838684024
k__Fungi;p__Ascomycota;c__Dothideomycetes;o__Pleosporales;f__Montagnulaceae	0.000436706993213	0.0	0.0	0.0	1.30257519115e-05	0.0	0.0	0.0	0.0	0.0	0.000131159008438	0.0	0.0	0.0	0.000155079448394	0.0	0.0
k__Fungi;p__Ascomycota;c__Dothideomycetes;o__Pleosporales;f__Phaeosphaeriaceae	0.000212452050752	0.000180451903123	0.000285959393766	0.000302975216627	0.000221437782496	6.09741225824e-05	0.000592842566096	0.000115064205827	0.000144075233467	0.000347588316398	0.000233171570556	0.000782472613459	0.000146492369471	0.000212981871484	0.000167008636732	0.00133918693885	0.000121017236312
k__Fungi;p__Ascomycota;c__Dothideomycetes;o__Pleosporales;f__Pleosporaceae	0.0097491885512	0.00101826431048	0.0192843866171	0.0164818517845	0.0300894869156	0.000817053242604	0.00688609442158	0.0131058130437	0.0107925447616	0.0061986583091	0.00533379967647	0.0101501024929	0.00994424672762	0.002430499004	0.00503411747865	0.0152434408953	0.00387255156199
k__Fungi;p__Ascomycota;c__Dothideomycetes;o__Pleosporales;f__Pleosporales_fam_Incertae_sedis	0.0491472410741	0.00167562481471	0.000393194166428	0.00120180169262	0.00134165244689	0.00248774420136	0.0321617092107	0.00727205780826	0.00106091762826	0.0141120856458	0.00868564100322	0.00751614538562	0.00125811093781	0.00335759656222	0.0303239967553	0.00698706228966	0.0478018083433
k__Fungi;p__Ascomycota;c__Dothideomycetes;o__Pleosporales;f__Sporormiaceae	0.00488639716731	0.00126316332186	0.00046468401487	0.00838231432669	0.000221437782496	0.00045120850711	0.00506196344898	0.00810052009021	0.00239688797496	0.00368443615382	0.00456141884901	0.0110097202936	0.000284367540738	7.51700722886e-05	0.000202796201746	0.000163031453425	0.00025932264924
k__Fungi;p__Ascomycota;c__Dothideomycetes;o__Pleosporales;f__unidentified	0.0981882561228	0.00931905185414	0.0552616528453	0.0576965804197	0.0347787576038	0.0240725835955	0.00548379373639	0.0437359046348	0.0287102647055	0.0169738961174	0.0111485157172	0.0214794242765	0.00285229260558	0.0606747766822	0.123753399819	0.0554539843723	0.0465397714503
k__Fungi;p__Ascomycota;c__Dothideomycetes;o__Trypetheliales;f__Trypetheliaceae	0.0	2.57788433033e-05	1.78724621104e-05	2.01983477752e-05	3.90772557346e-05	0.0	2.28016371575e-05	0.0	0.0	0.0	0.0	0.0	8.61719820418e-06	1.25283453814e-05	0.0	1.16451038161e-05	0.0
k__Fungi;p__Ascomycota;c__Dothideomycetes;o__Tubeufiales;f__Tubeufiaceae	0.00158158748893	0.0	0.00318129825565	4.03966955503e-05	0.0024879186151	0.0	0.00139089986661	0.000540801767386	0.00013097748497	0.000521382474597	0.000116585785278	0.000484912605524	0.00112885296475	0.00061388892369	0.000548742663549	0.000535674775541	0.0
k__Fungi;p__Ascomycota;c__Dothideomycetes;o__Valsariales;f__Valsariaceae	0.0	0.0	0.0	0.0	0.0	0.0	0.0	0.0	0.0	0.0	0.0	0.0	0.0	0.0	0.0	0.0	3.4576353232e-05
k__Fungi;p__Ascomycota;c__Dothideomycetes;o__Venturiales;f__Venturiaceae	2.36057834169e-05	0.000283567276336	1.78724621104e-05	8.07933911006e-05	1.30257519115e-05	0.000121948245165	2.28016371575e-05	0.0	1.3097748497e-05	6.95176632796e-05	0.00303123041723	1.10207410346e-05	3.44687928167e-05	0.000563775542164	1.1929188338e-05	0.0	0.00025932264924
k__Fungi;p__Ascomycota;c__Dothideomycetes;o__unidentified;f__unidentified	0.00173502508114	0.00148228348994	0.00296682871032	0.00973560362762	0.000442875564992	0.000853637716153	0.0108649801056	0.0011276292171	0.000196466227456	0.00135559443395	0.00100555239802	0.0201018316472	0.00202504157798	0.0033701249076	0.00277950088276	0.000174676557242	0.00418373874107
k__Fungi;p__Ascomycota;c__Eurotiomycetes;o__Arachnomycetales;f__Arachnomycetaceae	0.0	0.0365672892257	0.00244852730912	0.00128259508372	0.000117231767204	0.00065852052389	4.56032743151e-05	0.00017259630874	0.0	6.95176632796e-05	0.0	2.20414820693e-05	0.000827251027601	0.00150340144577	0.00654912439758	0.000128096141977	0.000484068945248
k__Fungi;p__Ascomycota;c__Eurotiomycetes;o__Chaetothyriales;f__Chaetothyriaceae	0.0	0.0	0.0	0.0	0.0	1.21948245165e-05	0.0	0.0	1.3097748497e-05	0.0	5.82928926391e-05	0.0	0.0	0.0	0.000107362695042	0.000197966764874	0.0
k__Fungi;p__Ascomycota;c__Eurotiomycetes;o__Chaetothyriales;f__Chaetothyriales_fam_Incertae_sedis	0.0	0.00106982199709	0.0	3.02975216627e-05	2.60515038231e-05	1.21948245165e-05	3.42024557363e-05	0.0	0.0	1.15862772133e-05	0.0	0.0	8.61719820418e-06	1.25283453814e-05	1.1929188338e-05	1.16451038161e-05	1.7288176616e-05
k__Fungi;p__Ascomycota;c__Eurotiomycetes;o__Chaetothyriales;f__Herpotrichiellaceae	0.0158158748893	0.0038926053388	0.00537961109522	0.0251873396756	0.0402104961509	0.00320723884783	0.0637191750368	0.0389722465136	0.0217160670081	0.015699405624	0.0177939054781	0.0148228966916	0.000853102622213	0.00202959195179	0.00478360452355	0.00472791214934	0.000864408830801
k__Fungi;p__Ascomycota;c__Eurotiomycetes;o__Chaetothyriales;f__unidentified	3.54086751254e-05	0.000141783638168	0.000125107234773	0.000100991738876	0.000351695301611	0.000682910172923	9.12065486302e-05	4.60256823307e-05	0.000406030203408	0.000254898098692	0.000131159008438	8.8165928277e-05	8.61719820418e-05	0.000275623598391	0.000167008636732	0.000139741245793	0.000155593589544
k__Fungi;p__Ascomycota;c__Eurotiomycetes;o__Eurotiales;f__Eurotiales_fam_Incertae_sedis	9.44231336677e-05	0.0	0.0	0.0	0.0	0.0	0.0	0.0	0.0	0.0	0.0	0.0	0.0	0.0	0.0	0.0	0.0
k__Fungi;p__Ascomycota;c__Eurotiomycetes;o__Eurotiales;f__Trichocomaceae	0.393543818235	0.146514055914	0.220653417215	0.295713910602	0.108217946881	0.103424306724	0.164000775256	0.125834215492	0.161822682681	0.09566789095	0.189641352978	0.117304767573	0.0145716821633	0.131134191107	0.223922794293	0.330092112771	0.22969071452
k__Fungi;p__Ascomycota;c__Eurotiomycetes;o__Eurotiales;f__unidentified	0.000684567719091	0.0	0.0	0.0	0.0	1.21948245165e-05	0.0	0.0	2.61954969941e-05	0.000104276494919	0.0	1.10207410346e-05	0.0	0.0	0.0	0.000768576851863	0.00171152948499
k__Fungi;p__Ascomycota;c__Eurotiomycetes;o__Onygenales;f__Ajellomycetaceae	0.000106226025376	2.57788433033e-05	0.000250214469545	0.000919024823769	1.30257519115e-05	0.309029048072	3.42024557363e-05	1.15064205827e-05	6.54887424852e-05	0.000150621603772	0.0	4.40829641385e-05	2.58515946125e-05	0.000425963742968	3.57875650141e-05	1.16451038161e-05	0.000155593589544
k__Fungi;p__Ascomycota;c__Eurotiomycetes;o__Onygenales;f__Gymnoascaceae	1.18028917085e-05	0.000966706623874	0.000518301401201	0.000171685956089	0.000117231767204	0.0	0.0	4.60256823307e-05	0.000157172981964	0.000220139267052	2.91464463195e-05	0.0	5.17031892251e-05	0.000463548779113	1.1929188338e-05	3.49353114483e-05	6.9152706464e-05
k__Fungi;p__Ascomycota;c__Eurotiomycetes;o__Onygenales;f__Onygenaceae	2.36057834169e-05	0.00100537488883	0.00455747783815	0.000181785129976	0.000312618045877	0.00570717787371	6.84049114726e-05	0.00130022552584	3.92932454911e-05	0.0022709103338	0.00131159008438	9.91866693116e-05	0.000258515946125	0.0175772685701	0.000238583766761	0.00294621126547	0.000656950711408
k__Fungi;p__Ascomycota;c__Eurotiomycetes;o__Onygenales;f__Onygenales_fam_Incertae_sedis	0.0	0.0	0.0	0.0	0.0020320172982	0.00193897709812	0.0	0.0	1.3097748497e-05	0.0	0.0	0.0	0.0	0.0	1.1929188338e-05	0.000104805934345	0.0
k__Fungi;p__Ascomycota;c__Eurotiomycetes;o__Onygenales;f__unidentified	7.08173502508e-05	0.00030934611964	0.000643408635974	0.00964471106264	0.000377746805434	0.00541450208531	7.98057300514e-05	0.000287660514567	3.92932454911e-05	0.000139035326559	0.000116585785278	4.40829641385e-05	1.72343964084e-05	0.000200453526103	0.000489096721859	0.000558964983173	0.000622374358176
k__Fungi;p__Ascomycota;c__Eurotiomycetes;o__Pyrenulales;f__Pyrenulaceae	1.18028917085e-05	1.28894216517e-05	0.0	0.0	0.0	0.0	0.0	0.0	0.0	0.0	0.0	0.0	0.0	0.0	0.0	0.0	0.0
k__Fungi;p__Ascomycota;c__Eurotiomycetes;o__Verrucariales;f__Verrucariaceae	0.0	0.0	0.0	1.00991738876e-05	0.0	0.0	0.0	0.0	0.0	1.15862772133e-05	0.0	0.0	0.0	0.0	0.0	0.0	0.0
k__Fungi;p__Ascomycota;c__Eurotiomycetes;o__Verrucariales;f__unidentified	2.36057834169e-05	2.57788433033e-05	8.93623105519e-05	0.0	0.0	0.0	0.0	0.0	1.3097748497e-05	0.0	0.0	3.30622231039e-05	1.72343964084e-05	0.0	0.0	0.0	0.0
k__Fungi;p__Ascomycota;c__Eurotiomycetes;o__unidentified;f__unidentified	2.36057834169e-05	0.0	0.0	3.02975216627e-05	0.0	1.21948245165e-05	1.14008185788e-05	0.0	1.3097748497e-05	0.0	0.000320610909515	2.20414820693e-05	0.0	0.0	0.0	1.16451038161e-05	0.0
k__Fungi;p__Ascomycota;c__Geoglossomycetes;o__Geoglossales;f__Geoglossaceae	2.36057834169e-05	1.28894216517e-05	0.0	1.00991738876e-05	1.30257519115e-05	1.21948245165e-05	0.0	0.0	0.0	0.0	0.0	1.10207410346e-05	0.0	1.25283453814e-05	0.0	0.0	0.0
k__Fungi;p__Ascomycota;c__Lecanoromycetes;o__Acarosporales;f__Acarosporaceae	0.0	0.0	1.78724621104e-05	0.0	0.0	1.21948245165e-05	0.0	0.0	0.0	0.0	0.0	0.0	0.0	0.0	0.0	0.0	0.0
k__Fungi;p__Ascomycota;c__Lecanoromycetes;o__Agyriales;f__Trapeliaceae	0.0	0.00038668264955	0.000160852158993	3.02975216627e-05	2.60515038231e-05	0.0	4.56032743151e-05	1.15064205827e-05	0.0	0.0	5.82928926391e-05	0.0	0.000137875171267	2.50566907629e-05	1.1929188338e-05	1.16451038161e-05	3.4576353232e-05
k__Fungi;p__Ascomycota;c__Lecanoromycetes;o__Candelariales;f__Candelariaceae	1.18028917085e-05	0.0	0.0	0.0	0.0	0.0	0.0	0.0	0.0	0.0	0.0	0.0	0.0	0.0	1.1929188338e-05	0.0	0.0
k__Fungi;p__Ascomycota;c__Lecanoromycetes;o__Lecanorales;f__Cladoniaceae	0.0	1.28894216517e-05	0.0	1.00991738876e-05	1.30257519115e-05	0.0	0.0	0.0	0.0	0.0	0.0	0.0	0.0	0.0	0.0	0.0	1.7288176616e-05
k__Fungi;p__Ascomycota;c__Lecanoromycetes;o__Lecanorales;f__Lecanoraceae	0.0	0.0	0.0	5.04958694379e-05	2.60515038231e-05	1.21948245165e-05	1.14008185788e-05	0.0	0.0	0.0	1.45732231598e-05	1.10207410346e-05	9.47891802459e-05	0.000363322016061	9.54335067042e-05	0.0	1.7288176616e-05
k__Fungi;p__Ascomycota;c__Lecanoromycetes;o__Lecanorales;f__Parmeliaceae	0.000177043375627	0.000373793227898	0.000303831855876	0.000171685956089	0.00016933477485	0.00176824955489	0.000262218827312	0.000414231140977	0.000314345963929	0.000231725544265	0.000276891240036	0.000330622231039	0.000405008315596	0.000250566907629	0.000465238345183	0.000232902076322	0.00117559600989
k__Fungi;p__Ascomycota;c__Lecanoromycetes;o__Lecanorales;f__Ramalinaceae	0.0	0.0	0.0	0.0	0.0	0.0	0.0	0.0	0.0	0.0	0.0	0.0	1.72343964084e-05	0.0	0.0	0.0	0.0
k__Fungi;p__Ascomycota;c__Lecanoromycetes;o__Lecanorales;f__Stereocaulaceae	5.90144585423e-05	0.0	0.0	1.00991738876e-05	0.0	0.0	0.0	0.0	0.0	0.0	5.82928926391e-05	3.30622231039e-05	0.0	0.0	0.0	5.82255190805e-05	0.0
k__Fungi;p__Ascomycota;c__Lecanoromycetes;o__Lecideales;f__Lecideaceae	1.18028917085e-05	2.57788433033e-05	0.0	0.0	1.30257519115e-05	0.0	0.0	1.15064205827e-05	0.0	1.15862772133e-05	0.0	3.30622231039e-05	0.0	0.0	1.1929188338e-05	2.32902076322e-05	1.7288176616e-05
k__Fungi;p__Ascomycota;c__Lecanoromycetes;o__Ostropales;f__Stictidaceae	0.0	0.0	0.0	0.0	0.0	0.0	0.0	0.0	0.0	0.0	0.0	0.0	8.61719820418e-06	0.0	0.0	0.0	1.7288176616e-05
k__Fungi;p__Ascomycota;c__Lecanoromycetes;o__Ostropales;f__unidentified	3.54086751254e-05	2.57788433033e-05	0.0	5.04958694379e-05	3.90772557346e-05	0.0	1.14008185788e-05	1.15064205827e-05	0.0	0.0	0.000466343141113	2.20414820693e-05	0.0	0.0	1.1929188338e-05	0.0	0.0
k__Fungi;p__Ascomycota;c__Lecanoromycetes;o__Peltigerales;f__Collemataceae	0.0	0.0	0.0	0.0	1.30257519115e-05	0.0	0.0	0.0	0.0	1.15862772133e-05	0.0	0.0	0.0	0.0	0.0	0.0	0.0
k__Fungi;p__Ascomycota;c__Lecanoromycetes;o__Peltigerales;f__Lobariaceae	0.0	0.0	0.0	1.00991738876e-05	0.0	0.0	1.14008185788e-05	0.0	0.0	0.0	0.0	0.0	0.0	1.25283453814e-05	0.0	0.0	0.0
k__Fungi;p__Ascomycota;c__Lecanoromycetes;o__Peltigerales;f__Nephromataceae	1.18028917085e-05	2.57788433033e-05	0.0	0.0	0.0	0.0	3.42024557363e-05	0.0	0.0	1.15862772133e-05	0.0	0.0	0.0	0.0	1.1929188338e-05	1.16451038161e-05	0.0
k__Fungi;p__Ascomycota;c__Lecanoromycetes;o__Peltigerales;f__Peltigeraceae	1.18028917085e-05	0.0	0.0	0.0	0.0	0.0	1.14008185788e-05	2.30128411654e-05	0.0	0.0	0.0	0.0	0.0	0.0	3.57875650141e-05	0.00160702432662	0.000121017236312
k__Fungi;p__Ascomycota;c__Lecanoromycetes;o__Pertusariales;f__Icmadophilaceae	0.0	0.0	0.0	0.0	0.000195386278673	0.0	1.14008185788e-05	1.15064205827e-05	0.0	0.0	0.0	0.0	0.0	0.0	1.1929188338e-05	0.0	0.0
k__Fungi;p__Ascomycota;c__Lecanoromycetes;o__Pertusariales;f__Ochrolechiaceae	0.000165240483919	0.000554245131021	5.36173863311e-05	0.000171685956089	0.000390772557346	0.000999975610351	0.000159611460103	0.000517788926221	0.000117879736473	0.000173794158199	0.000349757355834	0.000341642972073	0.00031021913535	0.00140317468272	0.000536813475211	5.82255190805e-05	0.000414916238784
k__Fungi;p__Ascomycota;c__Lecanoromycetes;o__Teloschistales;f__Caliciaceae	0.0	1.28894216517e-05	1.78724621104e-05	9.08925649882e-05	1.30257519115e-05	0.0	2.28016371575e-05	0.0	0.0	2.31725544265e-05	0.0	0.0	4.30859910209e-05	0.0	0.0	0.0	0.0
k__Fungi;p__Ascomycota;c__Lecanoromycetes;o__Teloschistales;f__Teloschistaceae	2.36057834169e-05	1.28894216517e-05	5.36173863311e-05	0.0	0.0	1.21948245165e-05	0.0	0.0	0.0	0.0	0.0	0.0	0.0	0.0	0.0	2.32902076322e-05	0.0
k__Fungi;p__Ascomycota;c__Leotiomycetes;o__Erysiphales;f__Erysiphaceae	1.18028917085e-05	2.57788433033e-05	1.78724621104e-05	6.05950433255e-05	6.51287595576e-05	1.21948245165e-05	0.0	2.30128411654e-05	1.3097748497e-05	2.31725544265e-05	1.45732231598e-05	7.71451872424e-05	0.000180961162288	3.75850361443e-05	0.0	3.49353114483e-05	0.0
k__Fungi;p__Ascomycota;c__Leotiomycetes;o__Helotiales;f__Helotiaceae	0.00336382413691	0.0	5.36173863311e-05	0.000484760346604	0.00016933477485	2.4389649033e-05	0.000718251570463	4.60256823307e-05	0.000301248215432	0.00726459581272	0.00110756496014	9.91866693116e-05	1.72343964084e-05	0.0	0.00090661831369	0.000174676557242	0.0
k__Fungi;p__Ascomycota;c__Leotiomycetes;o__Helotiales;f__Helotiales_fam_Incertae_sedis	0.000200649159044	0.0957168451852	8.93623105519e-05	0.000424165303278	0.000494978572638	0.000280480963879	0.000319222920206	5.75321029134e-05	0.000288150466935	0.000382347148038	0.000422623471633	0.0565364015076	0.0498591088094	0.0	3.57875650141e-05	6.98706228966e-05	0.000242034472624
k__Fungi;p__Ascomycota;c__Leotiomycetes;o__Helotiales;f__Hyaloscyphaceae	1.18028917085e-05	0.0	1.78724621104e-05	1.00991738876e-05	0.0	1.21948245165e-05	0.0	0.000207115570488	0.0	0.000139035326559	0.0	0.00100288743415	0.000430859910209	0.0	0.000107362695042	0.00564787535081	0.000587798004944
k__Fungi;p__Ascomycota;c__Leotiomycetes;o__Helotiales;f__Rutstroemiaceae	0.00573620537032	0.000103115373213	5.36173863311e-05	0.00174715708255	0.0003386695497	7.31689470989e-05	0.0302463716895	0.00113913563769	0.000916842394792	0.0390457542087	0.00778210116732	0.00108003262139	0.00010340637845	0.000112755108433	0.000167008636732	3.49353114483e-05	0.0
k__Fungi;p__Ascomycota;c__Leotiomycetes;o__Helotiales;f__Sclerotiniaceae	0.00015343759221	0.0	0.0	0.0	0.0	0.0	0.0	0.0	3.92932454911e-05	0.0	0.0	0.0	0.0	0.0	0.000334017273465	0.0	0.0
k__Fungi;p__Ascomycota;c__Leotiomycetes;o__Helotiales;f__unidentified	0.00220714074948	5.15576866066e-05	0.000232342007435	0.00111090912763	0.000312618045877	0.000670715348406	0.000501636017466	0.000184102729323	0.000681082921846	0.00213187500724	0.00635392529766	0.000793493354493	0.000818633829397	0.000313208634536	9.54335067042e-05	5.82255190805e-05	0.000276610825856
k__Fungi;p__Ascomycota;c__Leotiomycetes;o__Leotiomycetes_ord_Incertae_sedis;f__Leotiomycetes_fam_Incertae_sedis	0.000165240483919	0.000644471082583	0.00386045181584	0.000212082651639	0.000833648122338	0.000597546401307	7.98057300514e-05	0.000138077046992	5.23909939881e-05	0.000243311821479	0.000189451901077	0.000330622231039	0.00107714977552	0.00165374159035	0.000298229708451	0.000232902076322	0.000311187179088
k__Fungi;p__Ascomycota;c__Leotiomycetes;o__Leotiomycetes_ord_Incertae_sedis;f__Myxotrichaceae	1.18028917085e-05	0.000644471082583	0.000303831855876	0.000141388434426	0.00161519323703	0.000573156752274	0.000524437654624	1.15064205827e-05	3.92932454911e-05	0.000208552989839	8.74393389586e-05	0.000187352597589	7.75547838376e-05	0.000137811799196	8.35043183662e-05	0.000640480709886	0.00446034956693
k__Fungi;p__Ascomycota;c__Leotiomycetes;o__Leotiomycetes_ord_Incertae_sedis;f__unidentified	0.000625553260549	0.000554245131021	0.00630897912496	0.0018683471692	0.000403798309257	0.000536572278725	0.0	0.0	0.0013228725982	0.0	0.0	0.000110207410346	0.000146492369471	0.00159109986344	0.000143150260056	0.000197966764874	0.00034576353232
k__Fungi;p__Ascomycota;c__Leotiomycetes;o__unidentified;f__unidentified	0.0	0.0	0.0	0.0	6.51287595576e-05	0.0	0.000136809822945	0.0	2.61954969941e-05	1.15862772133e-05	1.45732231598e-05	0.0	0.000284367540738	0.0	3.57875650141e-05	2.32902076322e-05	3.4576353232e-05
k__Fungi;p__Ascomycota;c__Orbiliomycetes;o__Orbiliales;f__Orbiliaceae	0.000979640011803	0.000116004794865	0.000714898484415	0.00145428103981	0.00149796146983	0.00020731201678	0.00728512307184	0.00654715331155	0.00203015101704	0.00199283968068	0.00115128462962	0.0227247680134	0.000232664351513	0.00157857151806	0.00316123490958	0.00089667299384	3.4576353232e-05
k__Fungi;p__Ascomycota;c__Orbiliomycetes;o__Orbiliales;f__unidentified	7.08173502508e-05	0.000966706623874	0.0	1.00991738876e-05	0.0	0.000109753420648	0.000262218827312	2.30128411654e-05	0.0	1.15862772133e-05	0.000378903802154	6.61244462078e-05	0.0	0.0	0.0	0.0	0.000968137890497
k__Fungi;p__Ascomycota;c__Orbiliomycetes;o__unidentified;f__unidentified	9.44231336677e-05	0.00247476895712	0.000178724621104	0.000595851259367	0.00239673835172	0.00148776859101	0.000307822101627	0.00563814608552	0.000157172981964	0.000104276494919	0.000116585785278	0.000209394079658	0.000525649090455	0.000137811799196	0.000763468053634	0.00115286527779	0.0171844475563
k__Fungi;p__Ascomycota;c__Pezizomycetes;o__Pezizales;f__Ascobolaceae	0.00677485984066	0.000863591250661	0.0872533600229	0.000717041346018	0.109833140118	0.00169508060779	3.42024557363e-05	0.00222073917246	0.00764908512227	0.315737640339	1.45732231598e-05	6.61244462078e-05	0.0182081398054	0.00601360578308	0.00559478933053	0.0235231097085	0.0734920387947
k__Fungi;p__Ascomycota;c__Pezizomycetes;o__Pezizales;f__Discinaceae	0.00054293301859	0.00104404315378	0.000160852158993	0.000464561998828	7.81545114692e-05	1.21948245165e-05	0.000729652389042	0.0052469277857	0.000563203185372	8.11039404929e-05	0.000845246943266	0.000264497784831	5.17031892251e-05	0.000275623598391	0.000417521591831	0.00163031453425	0.00235119201978
k__Fungi;p__Ascomycota;c__Pezizomycetes;o__Pezizales;f__Helvellaceae	4.72115668339e-05	5.15576866066e-05	0.0	6.05950433255e-05	0.00016933477485	2.4389649033e-05	0.000125409004367	1.15064205827e-05	6.54887424852e-05	0.0	7.28661157988e-05	4.40829641385e-05	8.61719820418e-06	0.000200453526103	1.1929188338e-05	3.49353114483e-05	0.0
k__Fungi;p__Ascomycota;c__Pezizomycetes;o__Pezizales;f__Pezizaceae	0.00212452050752	9.02259515616e-05	0.00162639405204	2.01983477752e-05	0.00665615922679	0.0	0.000604243384675	0.0150158788604	0.00294699341183	0.000196966712626	0.00158848132441	0.00144371707554	3.44687928167e-05	0.0	2.38583766761e-05	1.16451038161e-05	0.0
k__Fungi;p__Ascomycota;c__Pezizomycetes;o__Pezizales;f__Pyronemataceae	0.0	0.000696028769189	0.00652344867029	7.0694217213e-05	1.30257519115e-05	0.00168288578327	0.0003762270131	8.05449440788e-05	0.0	5.79313860663e-05	0.000189451901077	0.0	0.00147354089291	0.000588832232927	0.0	0.0	0.00299085455457
k__Fungi;p__Ascomycota;c__Pezizomycetes;o__Pezizales;f__Sarcosomataceae	0.000814399527884	0.0	0.000178724621104	8.07933911006e-05	0.000273540790142	0.0	0.0	0.000724904496709	1.3097748497e-05	1.15862772133e-05	5.82928926391e-05	7.71451872424e-05	0.0	3.75850361443e-05	5.96459416901e-05	0.0	0.0
k__Fungi;p__Ascomycota;c__Pezizomycetes;o__Pezizales;f__Tuberaceae	0.0	0.0	0.0	0.0	0.0	0.0	1.14008185788e-05	0.0	0.0	0.0	0.0	1.10207410346e-05	0.0	0.0	0.0	0.0	0.0
k__Fungi;p__Ascomycota;c__Pezizomycetes;o__Pezizales;f__unidentified	0.0	1.28894216517e-05	1.78724621104e-05	0.000403966955503	0.000351695301611	0.0	0.000877863030566	9.20513646615e-05	0.0	0.00578155232942	0.000932686282225	1.10207410346e-05	2.58515946125e-05	0.0	5.96459416901e-05	3.49353114483e-05	0.0
k__Fungi;p__Ascomycota;c__Pezizomycetes;o__unidentified;f__unidentified	3.54086751254e-05	0.00023200958973	0.0	5.04958694379e-05	0.000638261843665	0.0	0.0	5.75321029134e-05	2.61954969941e-05	0.0011354551669	0.0	0.0	0.000189578360492	0.000927097558225	0.0	0.0	0.0
k__Fungi;p__Ascomycota;c__Pezizomycotina_cls_Incertae_sedis;o__Pezizomycotina_ord_Incertae_sedis;f__Pezizomycotina_fam_Incertae_sedis	0.00114488049572	0.000335124962943	0.000965112953961	0.000191884303864	0.00155006447747	4.87792980659e-05	0.000193813915839	0.000149583467575	0.000170270730461	0.000359174593611	0.000218598347396	0.000672265203112	8.61719820418e-06	0.000150340144577	4.77167533521e-05	0.000128096141977	0.00017288176616
k__Fungi;p__Ascomycota;c__Saccharomycetes;o__Saccharomycetales;f__Dipodascaceae	0.0	0.0	0.0	0.0	0.0	0.0	0.0	0.0	0.0	0.0	1.45732231598e-05	0.0	0.0	1.25283453814e-05	0.0	1.16451038161e-05	0.0
k__Fungi;p__Ascomycota;c__Saccharomycetes;o__Saccharomycetales;f__Pichiaceae	0.000719976394217	0.0	0.0	0.0	0.0	0.0	0.00379647258673	0.0	0.0	0.0011354551669	0.00102012562118	0.0	0.0	0.0	0.0	0.0	0.0
k__Fungi;p__Ascomycota;c__Saccharomycetes;o__Saccharomycetales;f__Saccharomycetales_fam_Incertae_sedis	0.0	0.0	0.000107234772662	0.0	9.11802633807e-05	0.0	5.70040928939e-05	0.0	2.61954969941e-05	4.63451088531e-05	5.82928926391e-05	5.51037051731e-05	6.03203874292e-05	0.0	0.0	0.0	1.7288176616e-05
k__Fungi;p__Ascomycota;c__Saccharomycetes;o__Saccharomycetales;f__unidentified	0.0	0.0	0.0	0.0	0.0	0.0	0.0	0.0	0.0	0.0	0.0	0.0	2.58515946125e-05	0.0	0.0	2.32902076322e-05	0.0
k__Fungi;p__Ascomycota;c__Sordariomycetes;o__Chaetosphaeriales;f__Chaetosphaeriaceae	0.0126054883446	0.0	0.0	1.00991738876e-05	0.0	0.0	0.0	0.0	0.0139229066523	0.0	0.000174878677917	0.00542220458904	8.61719820418e-06	1.25283453814e-05	1.1929188338e-05	1.16451038161e-05	0.0
k__Fungi;p__Ascomycota;c__Sordariomycetes;o__Chaetosphaeriales;f__unidentified	0.000365889642963	0.0	3.57449242208e-05	0.00175725625644	0.0	0.000134143069681	0.0	0.0	0.000288150466935	0.000347588316398	5.82928926391e-05	0.000363684454143	5.17031892251e-05	0.000488605469876	0.0	0.0	0.0
k__Fungi;p__Ascomycota;c__Sordariomycetes;o__Coniochaetales;f__Coniochaetaceae	0.00046031277663	0.00094092778057	0.000232342007435	0.0215920337716	0.00042984981308	0.000499987805175	0.000991871216353	0.0166843098449	0.000117879736473	0.00214346128445	0.0052172138912	0.00608344905111	0.00459296664283	0.000212981871484	0.00011929188338	2.32902076322e-05	0.000484068945248
k__Fungi;p__Ascomycota;c__Sordariomycetes;o__Coniochaetales;f__unidentified	0.0	0.000103115373213	0.000661281098084	7.0694217213e-05	1.30257519115e-05	0.00024389649033	0.000262218827312	2.30128411654e-05	1.3097748497e-05	0.000393933425251	0.00157390810125	2.20414820693e-05	4.30859910209e-05	0.0	0.0	0.0	0.000155593589544
k__Fungi;p__Ascomycota;c__Sordariomycetes;o__Diaporthales;f__Diaporthaceae	0.00898200059014	0.00201074977766	0.00759579639691	0.00134319012705	0.00216227481731	0.00145118411746	0.000342024557363	0.00123118700235	0.00626072378158	0.000220139267052	0.000524636033752	0.000617161497939	0.000163726765879	0.00799308435335	0.00428257861335	0.00119944569306	0.00136576595266
k__Fungi;p__Ascomycota;c__Sordariomycetes;o__Diaporthales;f__Gnomoniaceae	5.90144585423e-05	0.00529755229883	0.000232342007435	0.0	0.00240976410363	0.000268286139362	0.0	0.0	0.0	2.31725544265e-05	0.0	0.0	0.0	1.25283453814e-05	0.0	2.32902076322e-05	8.64408830801e-05
k__Fungi;p__Ascomycota;c__Sordariomycetes;o__Diaporthales;f__Schizoparmaceae	0.0	0.0	0.0	1.00991738876e-05	0.0	0.0	0.0	0.0	0.0	0.0	0.0027543391772	0.0	0.0	0.0	0.0	0.0	0.0
k__Fungi;p__Ascomycota;c__Sordariomycetes;o__Diaporthales;f__Togniniaceae	1.18028917085e-05	1.28894216517e-05	0.0	0.0	0.0	1.21948245165e-05	0.0	0.0	0.0	1.15862772133e-05	0.0	0.0	0.0	0.0	1.1929188338e-05	0.0	1.7288176616e-05
k__Fungi;p__Ascomycota;c__Sordariomycetes;o__Diaporthales;f__unidentified	0.0	0.0	0.0	1.00991738876e-05	0.0	0.0	1.14008185788e-05	0.0	0.0	0.0	0.0	0.0	8.61719820418e-06	1.25283453814e-05	0.0	1.16451038161e-05	1.7288176616e-05
k__Fungi;p__Ascomycota;c__Sordariomycetes;o__Hypocreales;f__Bionectriaceae	0.000873413986427	0.0154930848253	5.36173863311e-05	9.08925649882e-05	0.0011332404163	0.00140240481939	0.00172152360539	3.45192617481e-05	0.0179308176924	5.79313860663e-05	0.00437196694793	0.0	6.89375856334e-05	2.50566907629e-05	0.0218184854702	0.0699987190386	0.0345072005256
k__Fungi;p__Ascomycota;c__Sordariomycetes;o__Hypocreales;f__Clavicipitaceae	0.000106226025376	0.000683139347537	7.14898484415e-05	7.0694217213e-05	0.000534055828373	0.000707299821956	0.00106027612783	0.000540801767386	0.00145385008317	0.00105435122641	0.00241915504452	0.0011461570676	0.000155109567675	0.0	0.000584530228563	0.000407578633564	0.000639662534792
k__Fungi;p__Ascomycota;c__Sordariomycetes;o__Hypocreales;f__Cordycipitaceae	0.00109766892889	0.00635448487426	0.00169788390049	0.000747338867681	0.0115929192013	0.0108777834687	0.000775255663357	0.0021286878078	0.00217422625051	0.00188856318576	0.00103469884434	0.00456258678834	0.00194748679414	0.000538718851401	0.0051772677387	0.00259685815099	0.0235983610809
k__Fungi;p__Ascomycota;c__Sordariomycetes;o__Hypocreales;f__Hypocreaceae	0.00533490705223	0.0242836703917	0.0167107520732	0.00977600032317	0.0101731122429	0.0968147118363	0.000752454026199	0.101060891978	0.0121809061022	0.0128028363207	0.0011950042991	0.00450748308316	0.0120726946841	0.00052619050602	0.0101159517106	0.0224051797422	0.0362533063638
k__Fungi;p__Ascomycota;c__Sordariomycetes;o__Hypocreales;f__Hypocreales_fam_Incertae_sedis	0.000389495426379	0.0167433587255	0.00600514726909	0.00251469429801	0.0239413320134	0.000878027365186	0.00565480601507	0.00314125281907	0.00912913070243	0.000880557068208	0.0012678704149	0.0014326963345	0.013968478289	0.00017539683534	0.00208760795915	0.0347606348911	0.11484535726
k__Fungi;p__Ascomycota;c__Sordariomycetes;o__Hypocreales;f__Nectriaceae	0.0653762171732	0.0552182823557	0.126286817272	0.194853460987	0.16572664157	0.0208043706251	0.0369956562881	0.0613637409675	0.137932389422	0.0351643513423	0.168145848817	0.0457801582578	0.00379156720984	0.0457785740237	0.103521496397	0.0198083215912	0.0401950106322
k__Fungi;p__Ascomycota;c__Sordariomycetes;o__Hypocreales;f__Niessliaceae	0.0	0.0272095691066	0.000786388332857	0.00115130582318	0.0006773390994	0.0	0.000570040928939	0.00012657062641	2.61954969941e-05	0.000162207880986	0.000102012562118	7.71451872424e-05	0.00778132997837	0.00308197296383	0.00516533855037	0.00923456732617	0.00245492107947
k__Fungi;p__Ascomycota;c__Sordariomycetes;o__Hypocreales;f__Ophiocordycipitaceae	0.0011212747123	0.00329969194282	0.00437875321704	0.00604940515866	0.00139375545453	0.012585058901	0.00153911050813	0.000678878814378	0.00144075233467	0.0011354551669	0.000976405951704	0.00253477043796	0.000353305126371	0.000601360578308	0.0174524025385	0.0013042516274	0.00364780526598
k__Fungi;p__Ascomycota;c__Sordariomycetes;o__Hypocreales;f__unidentified	0.00296252581883	0.00644471082583	0.00702387760938	0.00466581833606	0.00944367013586	0.0288407599815	0.00264498991028	0.00831914208128	0.0074919121403	0.00386981658923	0.00518806744488	0.00643611276422	0.0122967418374	0.178040316215	0.0254568879133	0.0315000058226	0.0186020780388
k__Fungi;p__Ascomycota;c__Sordariomycetes;o__Hypocreomycetidae_ord_Incertae_sedis;f__Plectosphaerellaceae	0.0	0.0	0.0	4.03966955503e-05	1.30257519115e-05	0.0	0.0	0.000437243982142	6.54887424852e-05	3.47588316398e-05	0.0	3.30622231039e-05	8.61719820418e-06	1.25283453814e-05	0.00106169776208	0.00178170088386	1.7288176616e-05
k__Fungi;p__Ascomycota;c__Sordariomycetes;o__Lulworthiales;f__Lulworthiales_fam_Incertae_sedis	0.0	0.0	0.0	0.0	0.0	0.0	0.0	0.0	0.0	0.0	4.37196694793e-05	0.0	0.0	0.0	0.0	0.0	0.0
k__Fungi;p__Ascomycota;c__Sordariomycetes;o__Magnaporthales;f__Magnaporthaceae	7.08173502508e-05	0.0	0.0	0.000464561998828	3.90772557346e-05	0.000268286139362	0.0015049080524	1.15064205827e-05	1.3097748497e-05	0.00067200407837	0.000408050248473	2.20414820693e-05	8.61719820418e-06	0.000338265325298	0.0	1.16451038161e-05	0.0
k__Fungi;p__Ascomycota;c__Sordariomycetes;o__Magnaporthales;f__unidentified	9.44231336677e-05	0.00485931196267	0.0	0.000535256216042	0.0	0.0	0.000148210641524	0.000667372393796	3.92932454911e-05	6.95176632796e-05	0.000160305454757	0.00121228151381	0.0	0.000576303887546	0.000274371331775	9.31608305288e-05	0.0
k__Fungi;p__Ascomycota;c__Sordariomycetes;o__Melanosporales;f__Ceratostomataceae	1.18028917085e-05	0.0	0.000250214469545	0.0	0.0	0.0	0.0	0.0	0.0	0.0	0.0	0.0	2.58515946125e-05	1.25283453814e-05	0.0	0.0	0.0
k__Fungi;p__Ascomycota;c__Sordariomycetes;o__Microascales;f__Halosphaeriaceae	0.0	0.000116004794865	0.000375321704318	3.02975216627e-05	0.000481952820727	0.0	0.000433231105993	1.15064205827e-05	0.00167651180762	6.95176632796e-05	0.000320610909515	4.40829641385e-05	1.72343964084e-05	0.0	3.57875650141e-05	0.000104805934345	0.000242034472624
k__Fungi;p__Ascomycota;c__Sordariomycetes;o__Microascales;f__Microascaceae	5.90144585423e-05	0.00158539886315	0.00117958249929	0.000585752085479	0.00392075132537	0.00695104997439	5.70040928939e-05	3.45192617481e-05	7.85864909822e-05	3.47588316398e-05	4.37196694793e-05	0.0	6.03203874292e-05	0.00164121324497	0.00728873407453	0.0290428889174	0.00267966737548
k__Fungi;p__Ascomycota;c__Sordariomycetes;o__Microascales;f__unidentified	2.36057834169e-05	0.00208808630757	0.00130468973406	5.04958694379e-05	0.00109416316057	0.00585351576791	0.0	0.000230128411654	0.000196466227456	0.0	0.0	1.10207410346e-05	0.000689375856334	0.00369586188752	0.00466431264017	0.00486765339513	0.00254136196255
k__Fungi;p__Ascomycota;c__Sordariomycetes;o__Sordariales;f__Cephalothecaceae	5.90144585423e-05	3.8668264955e-05	0.0	0.0	0.0	1.21948245165e-05	0.0	0.0	1.3097748497e-05	0.0	0.0	0.0002865392669	0.0	1.25283453814e-05	3.57875650141e-05	0.0	0.0
k__Fungi;p__Ascomycota;c__Sordariomycetes;o__Sordariales;f__Chaetomiaceae	0.0220478017114	0.000541355709369	0.000857878181298	0.00137348764871	0.0156830053015	0.0175971317773	0.00640726004127	0.000437243982142	0.00420437726755	0.00706762910009	0.00721374546408	0.0121117943971	0.00563564762553	0.000325736979917	0.00374576513814	0.0036914979097	0.0100098542607
k__Fungi;p__Ascomycota;c__Sordariomycetes;o__Sordariales;f__Lasiosphaeriaceae	0.0136559457067	0.00948661433561	0.00350300257363	0.0180674220849	0.0184574904586	0.00193897709812	0.0246941730416	0.0148087632899	0.00289460241784	0.0182252140565	0.00845246943266	0.0164098834006	0.0543055830827	0.00211729036946	0.00195638688744	0.0314417803035	0.0140379994122
k__Fungi;p__Ascomycota;c__Sordariomycetes;o__Sordariales;f__Sordariaceae	1.18028917085e-05	0.000206230746426	0.0	0.00745319032903	2.60515038231e-05	2.4389649033e-05	0.000102607367209	0.000322179776315	1.3097748497e-05	0.0	0.000335184132675	2.20414820693e-05	0.000112023576654	1.25283453814e-05	3.57875650141e-05	1.16451038161e-05	0.000103729059696
k__Fungi;p__Ascomycota;c__Sordariomycetes;o__Sordariales;f__Sordariales_fam_Incertae_sedis	0.0	0.0	0.0	0.0	2.60515038231e-05	0.0	0.0	0.0	0.0	0.0	0.0	0.0	0.0	0.0	0.0	0.0	0.0
k__Fungi;p__Ascomycota;c__Sordariomycetes;o__Sordariales;f__unidentified	0.000236057834169	0.00444685046982	0.00169788390049	0.000989719040982	0.0040640345964	0.00062193605034	0.000250818008733	0.000333686196898	1.3097748497e-05	0.00257215354135	0.00227342281292	0.00428706826247	0.0068162037795	0.000814342449793	0.000656105358591	0.00170018515715	0.000501357121864
k__Fungi;p__Ascomycota;c__Sordariomycetes;o__Sordariomycetes_ord_Incertae_sedis;f__Sordariomycetes_fam_Incertae_sedis	0.0	5.15576866066e-05	0.0	1.00991738876e-05	0.000872725378072	0.0013292358723	4.56032743151e-05	8.05449440788e-05	2.61954969941e-05	3.47588316398e-05	0.0	0.000176331856554	8.61719820418e-06	0.00035079367068	1.1929188338e-05	6.98706228966e-05	0.000449492592016
k__Fungi;p__Ascomycota;c__Sordariomycetes;o__Sordariomycetidae_ord_Incertae_sedis;f__Annulatascaceae	0.0	0.0	0.0	0.0	0.0	0.0	0.0	0.0	0.0	0.0	0.0	4.40829641385e-05	0.0	0.0	0.0	0.0	0.0
k__Fungi;p__Ascomycota;c__Sordariomycetes;o__Sordariomycetidae_ord_Incertae_sedis;f__Glomerellaceae	0.0	0.0	0.0	2.01983477752e-05	6.51287595576e-05	0.0	4.56032743151e-05	0.0	0.0	0.0	1.45732231598e-05	8.8165928277e-05	0.0	0.0	0.0	0.0	0.0
k__Fungi;p__Ascomycota;c__Sordariomycetes;o__Sordariomycetidae_ord_Incertae_sedis;f__Sordariomycetidae_fam_Incertae_sedis	0.0	0.0	0.0	2.01983477752e-05	1.30257519115e-05	0.0	0.0	0.0	1.3097748497e-05	0.0	0.0	0.0	8.61719820418e-06	0.0	0.0	0.000232902076322	0.0
k__Fungi;p__Ascomycota;c__Sordariomycetes;o__Xylariales;f__Amphisphaeriaceae	2.36057834169e-05	9.02259515616e-05	7.14898484415e-05	3.02975216627e-05	0.0	6.09741225824e-05	2.28016371575e-05	5.75321029134e-05	5.23909939881e-05	1.15862772133e-05	4.37196694793e-05	3.30622231039e-05	5.17031892251e-05	2.50566907629e-05	7.15751300282e-05	6.98706228966e-05	0.000328475355704
k__Fungi;p__Ascomycota;c__Sordariomycetes;o__Xylariales;f__Diatrypaceae	0.0	0.0	0.0	0.0	0.0	0.0	0.0	3.45192617481e-05	0.0	0.0	0.0	2.20414820693e-05	0.0	0.0	0.0	0.0	5.1864529848e-05
k__Fungi;p__Ascomycota;c__Sordariomycetes;o__Xylariales;f__Xylariaceae	1.18028917085e-05	0.000103115373213	0.000214469545325	0.00070694217213	0.000117231767204	3.65844735494e-05	0.0	1.15064205827e-05	0.000183368478958	0.00145987092887	2.91464463195e-05	0.00101390817519	0.000344687928167	0.000538718851401	1.1929188338e-05	1.16451038161e-05	1.7288176616e-05
k__Fungi;p__Ascomycota;c__Sordariomycetes;o__Xylariales;f__Xylariales_fam_Incertae_sedis	0.0118383003836	0.0015725094415	0.000214469545325	0.00230261164637	0.000312618045877	3.65844735494e-05	0.00102607367209	0.00180650803148	0.00298628665732	0.000208552989839	0.000728661157988	0.00173025634244	4.30859910209e-05	2.50566907629e-05	0.0108078446343	0.00270166408534	0.00606814999222
k__Fungi;p__Ascomycota;c__Sordariomycetes;o__Xylariales;f__unidentified	2.36057834169e-05	0.0993001044043	0.0601765799257	0.00437294229332	0.00534055828373	0.014048437843	0.0137835896617	0.00367054816588	2.61954969941e-05	0.000324415761972	0.0136696833239	1.10207410346e-05	0.0277215266228	0.0091707488192	0.000990122632056	0.00131589673122	0.00248949743271
k__Fungi;p__Ascomycota;c__Sordariomycetes;o__unidentified;f__unidentified	0.00326940100325	0.00921593648093	0.0171933085502	0.00662505807025	0.00773729663545	0.00278041998976	0.00250818008733	0.00416532425093	0.00801582208018	0.00501685803335	0.000670368265349	0.0151645396636	0.0438960076521	0.0050614515341	0.011821825643	0.0156626646327	0.0053939111042
k__Fungi;p__Ascomycota;c__Taphrinomycetes;o__Taphrinales;f__Protomycetaceae	0.0	0.0	0.0	3.02975216627e-05	0.000390772557346	1.21948245165e-05	1.14008185788e-05	4.60256823307e-05	0.0	3.47588316398e-05	0.000204025124237	4.40829641385e-05	8.61719820418e-05	0.000313208634536	0.0	1.16451038161e-05	5.1864529848e-05
k__Fungi;p__Ascomycota;c__Taphrinomycetes;o__Taphrinales;f__Taphrinaceae	1.18028917085e-05	1.28894216517e-05	3.57449242208e-05	2.01983477752e-05	1.30257519115e-05	0.0	1.14008185788e-05	2.30128411654e-05	0.0	2.31725544265e-05	1.45732231598e-05	0.0	8.61719820418e-06	2.50566907629e-05	0.0	2.32902076322e-05	0.0
k__Fungi;p__Ascomycota;c__unidentified;o__unidentified;f__unidentified	0.0537267630569	0.104507430752	0.0711145267372	0.0675331757862	0.104349298563	0.0547059827809	0.0796119161356	0.081200810052	0.133610132418	0.0591016000649	0.104956353197	0.285238819458	0.0516773376304	0.040729650835	0.150164622799	0.0510288449222	0.0664903272652
k__Fungi;p__Basidiomycota;c__Agaricomycetes;o__Agaricales;f__Agaricaceae	1.18028917085e-05	2.57788433033e-05	0.00337789533886	8.07933911006e-05	0.0	0.000158532718714	1.14008185788e-05	0.00544253693561	0.0	0.00477354621187	0.00587300893339	1.10207410346e-05	3.44687928167e-05	0.000250566907629	1.1929188338e-05	0.0	3.4576353232e-05
k__Fungi;p__Basidiomycota;c__Agaricomycetes;o__Agaricales;f__Amanitaceae	0.0	0.0	0.0	0.0	0.0	0.0	4.56032743151e-05	5.75321029134e-05	0.0	1.15862772133e-05	7.28661157988e-05	1.10207410346e-05	0.0	0.0	0.0	2.32902076322e-05	0.000155593589544
k__Fungi;p__Basidiomycota;c__Agaricomycetes;o__Agaricales;f__Bolbitiaceae	0.0	0.0	0.0	0.0	0.0	0.0	5.70040928939e-05	3.45192617481e-05	0.0	1.15862772133e-05	0.000247744793716	0.00059512001587	5.17031892251e-05	0.000100226763051	0.0	3.49353114483e-05	0.0
k__Fungi;p__Basidiomycota;c__Agaricomycetes;o__Agaricales;f__Clavariaceae	5.90144585423e-05	0.0	0.0	0.0	5.21030076461e-05	0.0	4.56032743151e-05	0.000287660514567	1.3097748497e-05	1.15862772133e-05	0.000116585785278	0.0	8.61719820418e-06	0.0	1.1929188338e-05	1.16451038161e-05	5.1864529848e-05
k__Fungi;p__Basidiomycota;c__Agaricomycetes;o__Agaricales;f__Cortinariaceae	7.08173502508e-05	1.28894216517e-05	8.93623105519e-05	2.01983477752e-05	2.60515038231e-05	0.0	1.14008185788e-05	0.000103557785244	0.000196466227456	2.31725544265e-05	5.82928926391e-05	1.10207410346e-05	8.61719820418e-06	7.51700722886e-05	2.38583766761e-05	0.0	1.7288176616e-05
k__Fungi;p__Basidiomycota;c__Agaricomycetes;o__Agaricales;f__Cyphellaceae	1.18028917085e-05	1.28894216517e-05	0.0	0.0	1.30257519115e-05	0.0	0.0	0.0	0.0	0.0	2.91464463195e-05	2.20414820693e-05	3.44687928167e-05	0.0	8.35043183662e-05	0.0	0.0
k__Fungi;p__Basidiomycota;c__Agaricomycetes;o__Agaricales;f__Entolomataceae	0.00359988197108	0.0124769601588	0.00092936802974	0.00139368599649	0.00194083703482	0.000341455086461	0.0321047051178	0.000218621991071	0.00560583635673	0.00114704144411	0.00155933487809	0.000187352597589	0.0904547295492	0.000764229068267	0.00277950088276	0.0335262538866	0.00051864529848
k__Fungi;p__Basidiomycota;c__Agaricomycetes;o__Agaricales;f__Hygrophoraceae	7.08173502508e-05	0.000206230746426	1.78724621104e-05	6.05950433255e-05	6.51287595576e-05	0.0	0.000171012278682	0.00303769503383	5.23909939881e-05	3.47588316398e-05	0.000131159008438	8.8165928277e-05	0.000741079045559	0.00026309525301	9.54335067042e-05	0.000139741245793	0.000207458119392
k__Fungi;p__Basidiomycota;c__Agaricomycetes;o__Agaricales;f__Inocybaceae	0.00103865447035	0.00221698052408	0.00117958249929	0.00669575228746	0.00156309022938	0.000975585961318	0.000866462211987	0.0015303539375	0.0410745392867	0.000811039404929	0.00198195834973	0.00155392448588	0.00211121356002	0.00256831080319	0.00207567877082	0.00117615548543	0.00131390142282
k__Fungi;p__Basidiomycota;c__Agaricomycetes;o__Agaricales;f__Lycoperdaceae	3.54086751254e-05	9.02259515616e-05	7.14898484415e-05	1.00991738876e-05	0.0	0.0	0.0	8.05449440788e-05	7.85864909822e-05	2.31725544265e-05	4.37196694793e-05	6.61244462078e-05	5.17031892251e-05	0.000212981871484	1.1929188338e-05	1.16451038161e-05	1.7288176616e-05
k__Fungi;p__Basidiomycota;c__Agaricomycetes;o__Agaricales;f__Lyophyllaceae	0.0	0.0	0.0	3.02975216627e-05	0.0	0.0	0.000114008185788	2.30128411654e-05	0.0	0.0	0.0	0.0	0.0	0.0	0.0	0.0	0.0
k__Fungi;p__Basidiomycota;c__Agaricomycetes;o__Agaricales;f__Marasmiaceae	0.0	0.0	3.57449242208e-05	0.0	0.0	0.0	0.0	0.0	0.0	0.0	0.0	0.0	0.0	0.0	0.0	0.0	0.0
k__Fungi;p__Basidiomycota;c__Agaricomycetes;o__Agaricales;f__Mycenaceae	7.08173502508e-05	3.8668264955e-05	0.0	0.0	2.60515038231e-05	8.53637716153e-05	0.0	0.0	0.0	0.0	0.0	4.40829641385e-05	2.58515946125e-05	0.000288151943773	0.0	0.0	5.1864529848e-05
k__Fungi;p__Basidiomycota;c__Agaricomycetes;o__Agaricales;f__Niaceae	0.0	0.0	0.0	0.0	0.0	0.0	0.0	1.15064205827e-05	0.0	0.0	0.0	7.71451872424e-05	0.0	1.25283453814e-05	0.0	0.0	0.0
k__Fungi;p__Basidiomycota;c__Agaricomycetes;o__Agaricales;f__Omphalotaceae	0.0	0.0	0.0	0.0	0.0	0.0	1.14008185788e-05	0.0	0.0	2.31725544265e-05	0.0	0.00979743877978	0.0	2.50566907629e-05	0.0	0.0	0.0
k__Fungi;p__Basidiomycota;c__Agaricomycetes;o__Agaricales;f__Physalacriaceae	3.54086751254e-05	0.0	0.0	0.0	3.90772557346e-05	0.0	1.14008185788e-05	0.0	0.0	0.0	0.0	1.10207410346e-05	0.0	0.0	9.54335067042e-05	0.000104805934345	5.1864529848e-05
k__Fungi;p__Basidiomycota;c__Agaricomycetes;o__Agaricales;f__Pleurotaceae	4.72115668339e-05	1.28894216517e-05	0.0	3.02975216627e-05	1.30257519115e-05	0.0	0.0	0.000184102729323	0.0	2.31725544265e-05	0.0	0.0	0.0	1.25283453814e-05	0.0	0.0	0.0
k__Fungi;p__Basidiomycota;c__Agaricomycetes;o__Agaricales;f__Pluteaceae	0.0	2.57788433033e-05	0.0	0.0	0.0	0.00237799078071	0.0	3.45192617481e-05	0.0	0.0	0.0	3.30622231039e-05	0.0	0.0	0.0	0.0	0.000207458119392
k__Fungi;p__Basidiomycota;c__Agaricomycetes;o__Agaricales;f__Psathyrellaceae	0.00015343759221	0.00242321127051	7.14898484415e-05	0.00151487608314	0.00991259720467	0.000573156752274	9.12065486302e-05	0.00104708427302	0.000261954969941	0.00946598848324	0.000204025124237	0.000969825211047	4.30859910209e-05	0.000388378706824	3.57875650141e-05	0.000139741245793	0.00017288176616
k__Fungi;p__Basidiomycota;c__Agaricomycetes;o__Agaricales;f__Strophariaceae	0.0	0.0	0.0	0.0	0.0	0.0	0.0	0.0	1.3097748497e-05	0.0	1.45732231598e-05	0.0	0.0	0.0	0.000202796201746	0.0	0.0
k__Fungi;p__Basidiomycota;c__Agaricomycetes;o__Agaricales;f__Tricholomataceae	4.72115668339e-05	9.02259515616e-05	0.00109022018873	0.000676644650468	0.000143283271027	2.4389649033e-05	2.28016371575e-05	0.000782436599623	9.16842394792e-05	0.000139035326559	8.74393389586e-05	0.000110207410346	0.000241281549717	2.50566907629e-05	9.54335067042e-05	9.31608305288e-05	5.1864529848e-05
k__Fungi;p__Basidiomycota;c__Agaricomycetes;o__Agaricales;f__unidentified	4.72115668339e-05	0.000360903806246	0.000178724621104	0.000555454563817	0.000208412030584	0.000463403331626	0.000353425375942	6.90385234961e-05	0.000366736957917	0.000139035326559	0.000160305454757	0.00175229782451	1.72343964084e-05	0.0	0.00151500691893	0.000791867059495	0.00103729059696
k__Fungi;p__Basidiomycota;c__Agaricomycetes;o__Auriculariales;f__Auriculariales_fam_Incertae_sedis	0.000660961935674	0.0	0.000321704317987	5.04958694379e-05	0.00102903440101	0.0	0.00194953997697	0.0	3.92932454911e-05	0.0	0.0	0.0	8.61719820418e-06	8.769841767e-05	0.000202796201746	6.98706228966e-05	0.0
k__Fungi;p__Basidiomycota;c__Agaricomycetes;o__Auriculariales;f__unidentified	0.0	0.0	0.0	0.0014643802137	0.0	1.21948245165e-05	0.0107509719198	1.15064205827e-05	0.0	0.0	0.0	8.8165928277e-05	0.0	0.0	0.0	0.0	0.0
k__Fungi;p__Basidiomycota;c__Agaricomycetes;o__Boletales;f__Boletaceae	0.000118028917085	1.28894216517e-05	0.000321704317987	0.0	0.0	0.0	6.84049114726e-05	1.15064205827e-05	2.61954969941e-05	6.95176632796e-05	7.28661157988e-05	3.30622231039e-05	0.0	0.0	5.96459416901e-05	0.000326062906851	0.0
k__Fungi;p__Basidiomycota;c__Agaricomycetes;o__Boletales;f__Coniophoraceae	0.0	0.0	0.00048255647698	0.0	0.0	0.0	0.0	0.0	0.0	0.0	0.0	0.0	2.58515946125e-05	0.0	0.0	0.0	3.4576353232e-05
k__Fungi;p__Basidiomycota;c__Agaricomycetes;o__Boletales;f__Sclerodermataceae	0.0	0.0	0.0	0.0	0.0	0.0	0.000102607367209	0.0	0.0	0.0	1.45732231598e-05	0.0	0.0	0.0	0.0	0.0	0.0
k__Fungi;p__Basidiomycota;c__Agaricomycetes;o__Boletales;f__Suillaceae	3.54086751254e-05	0.0	0.0	1.00991738876e-05	5.21030076461e-05	0.0	0.0	0.0	3.92932454911e-05	1.15862772133e-05	2.91464463195e-05	0.0	0.0	0.0	0.0	0.0	0.0
k__Fungi;p__Basidiomycota;c__Agaricomycetes;o__Cantharellales;f__Botryobasidiaceae	4.72115668339e-05	0.0	0.0	2.01983477752e-05	0.0	0.0	0.0	0.0	5.23909939881e-05	0.0	1.45732231598e-05	4.40829641385e-05	0.0	0.0	2.38583766761e-05	0.0	0.0
k__Fungi;p__Basidiomycota;c__Agaricomycetes;o__Cantharellales;f__Cantharellaceae	0.0	0.0	0.0	2.01983477752e-05	0.0	0.0	0.0	0.0	0.0	0.0	0.0	0.0	0.0	0.0	0.0	0.0	0.0
k__Fungi;p__Basidiomycota;c__Agaricomycetes;o__Cantharellales;f__Ceratobasidiaceae	0.00149896724698	0.000167562481471	0.0024127823849	0.000171685956089	0.0238762032538	0.000231701665813	0.0156875263644	0.0807980853316	0.00138836134069	0.0128028363207	0.00214226380449	0.020355308691	0.0140460330728	0.000551247196783	0.00669227465763	0.0096188557521	0.0121881645143
k__Fungi;p__Basidiomycota;c__Agaricomycetes;o__Cantharellales;f__Clavulinaceae	0.0	1.28894216517e-05	0.000107234772662	0.000151487608314	2.60515038231e-05	0.0	0.0	2.30128411654e-05	2.61954969941e-05	0.0	1.45732231598e-05	1.10207410346e-05	1.72343964084e-05	2.50566907629e-05	5.96459416901e-05	2.32902076322e-05	0.0
k__Fungi;p__Basidiomycota;c__Agaricomycetes;o__Cantharellales;f__Hydnaceae	3.54086751254e-05	0.000128894216517	5.36173863311e-05	9.08925649882e-05	0.000156309022938	0.000195117192264	2.28016371575e-05	8.05449440788e-05	0.000170270730461	0.000208552989839	0.000145732231598	0.000242456302762	0.000137875171267	8.769841767e-05	0.000190867013408	6.98706228966e-05	5.1864529848e-05
k__Fungi;p__Basidiomycota;c__Agaricomycetes;o__Corticiales;f__Corticiaceae	0.000224254942461	0.000128894216517	0.0	0.0	3.90772557346e-05	0.0	0.0253212180635	8.05449440788e-05	2.61954969941e-05	0.0578734546803	4.37196694793e-05	0.0	0.0109783105121	0.0	0.0	0.000104805934345	0.0
k__Fungi;p__Basidiomycota;c__Agaricomycetes;o__Geastrales;f__Geastraceae	9.44231336677e-05	1.28894216517e-05	8.93623105519e-05	0.000232280999414	0.0	0.0	4.56032743151e-05	3.45192617481e-05	2.61954969941e-05	0.0104276494919	0.000102012562118	6.61244462078e-05	3.44687928167e-05	3.75850361443e-05	3.57875650141e-05	1.16451038161e-05	1.7288176616e-05
k__Fungi;p__Basidiomycota;c__Agaricomycetes;o__Geastrales;f__unidentified	0.0	0.0	0.0	3.02975216627e-05	0.0	0.0	0.0	0.0	0.0	0.0	0.0	0.0	0.0	0.0	0.0	0.0	0.0
k__Fungi;p__Basidiomycota;c__Agaricomycetes;o__Hymenochaetales;f__Hymenochaetaceae	2.36057834169e-05	0.000902259515616	0.000625536173863	0.000272677694965	0.0	0.000219506841297	0.00158471378245	0.000747917337875	5.23909939881e-05	3.47588316398e-05	0.00147189553914	0.000220414820693	0.000646289865313	5.01133815257e-05	0.00131221071718	6.98706228966e-05	0.00017288176616
k__Fungi;p__Basidiomycota;c__Agaricomycetes;o__Hymenochaetales;f__Schizoporaceae	0.0	0.0	3.57449242208e-05	0.0	7.81545114692e-05	0.0	0.0	0.0	0.0	0.0	0.0	0.0	2.58515946125e-05	7.51700722886e-05	0.000703822111944	0.000465804152644	3.4576353232e-05
k__Fungi;p__Basidiomycota;c__Agaricomycetes;o__Hymenochaetales;f__unidentified	0.0	0.0	0.0	0.0	0.0	0.0	0.000296421283048	0.0	0.0	0.0	0.0	0.000826555577597	8.61719820418e-06	0.0	3.57875650141e-05	0.0	0.0
k__Fungi;p__Basidiomycota;c__Agaricomycetes;o__Polyporales;f__Fomitopsidaceae	0.0	5.15576866066e-05	0.0	0.0	5.21030076461e-05	8.53637716153e-05	0.0	0.000103557785244	0.0	0.0	0.0	0.0	8.61719820418e-06	0.0	2.38583766761e-05	0.0	0.0
k__Fungi;p__Basidiomycota;c__Agaricomycetes;o__Polyporales;f__Ganodermataceae	0.0	0.0	0.0	0.0	0.0	0.0	0.0	0.0	3.92932454911e-05	0.0	0.0	0.0	0.0	0.0	0.0	0.0	0.0
k__Fungi;p__Basidiomycota;c__Agaricomycetes;o__Polyporales;f__Meruliaceae	4.72115668339e-05	0.000116004794865	0.0	3.02975216627e-05	0.00139375545453	1.21948245165e-05	0.0	0.000909007226032	5.23909939881e-05	0.000162207880986	2.91464463195e-05	0.0	0.0	0.0	0.000107362695042	6.98706228966e-05	0.000190169942776
k__Fungi;p__Basidiomycota;c__Agaricomycetes;o__Polyporales;f__Phanerochaetaceae	4.72115668339e-05	0.000116004794865	0.000303831855876	0.0	0.000104206015292	0.0	0.0	0.0	2.61954969941e-05	0.0	0.0	0.0	0.0	0.000162868489959	0.0	0.0	0.0
k__Fungi;p__Basidiomycota;c__Agaricomycetes;o__Polyporales;f__Polyporaceae	0.0	0.0	0.0	0.0	0.0	0.0	4.56032743151e-05	0.0	0.0	4.63451088531e-05	0.0	0.0	0.0	0.0	0.000512955098535	6.98706228966e-05	0.0
k__Fungi;p__Basidiomycota;c__Agaricomycetes;o__Polyporales;f__Polyporales_fam_Incertae_sedis	0.0	0.0	0.0	1.00991738876e-05	0.0	0.0	0.0	0.0	1.3097748497e-05	0.0	0.0	0.0	0.0	0.0	0.0	1.16451038161e-05	0.0
k__Fungi;p__Basidiomycota;c__Agaricomycetes;o__Polyporales;f__Xenasmataceae	0.0	0.0	3.57449242208e-05	1.00991738876e-05	2.60515038231e-05	0.0	2.28016371575e-05	1.15064205827e-05	0.0	2.31725544265e-05	2.91464463195e-05	0.0	1.72343964084e-05	0.0	1.1929188338e-05	0.000139741245793	0.00025932264924
k__Fungi;p__Basidiomycota;c__Agaricomycetes;o__Polyporales;f__unidentified	0.0	0.000799144142402	0.0	0.000949322345432	0.0	0.000121948245165	0.000205214734418	0.000759423758457	0.0	0.0	0.000291464463195	0.0	0.0	0.0	1.1929188338e-05	0.0	0.0
k__Fungi;p__Basidiomycota;c__Agaricomycetes;o__Russulales;f__Peniophoraceae	0.0	6.44471082583e-05	0.000107234772662	9.08925649882e-05	0.000494978572638	0.000170727543231	4.56032743151e-05	0.0	2.61954969941e-05	0.0	0.000131159008438	5.51037051731e-05	0.0	0.0	0.0	4.65804152644e-05	6.9152706464e-05
k__Fungi;p__Basidiomycota;c__Agaricomycetes;o__Russulales;f__Russulaceae	0.0	0.000128894216517	0.0	0.0	0.000117231767204	0.0	1.14008185788e-05	0.0	0.0	0.00168001019592	0.0	0.0	0.0	0.0	0.0	3.49353114483e-05	3.4576353232e-05
k__Fungi;p__Basidiomycota;c__Agaricomycetes;o__Russulales;f__Stephanosporaceae	0.0	3.8668264955e-05	0.0	1.00991738876e-05	3.90772557346e-05	0.0	1.14008185788e-05	0.0	0.0	0.0	2.91464463195e-05	0.0246313562124	0.0	1.25283453814e-05	0.0	1.16451038161e-05	0.0
k__Fungi;p__Basidiomycota;c__Agaricomycetes;o__Sebacinales;f__Sebacinaceae	0.0	1.28894216517e-05	0.0	1.00991738876e-05	0.0	0.0	0.0	0.0	0.0	0.0	2.91464463195e-05	1.10207410346e-05	0.0	0.0	0.0	0.0	0.0
k__Fungi;p__Basidiomycota;c__Agaricomycetes;o__Sebacinales;f__Sebacinales_Group_B	0.0	0.0	0.0	0.0	0.0	7.31689470989e-05	0.0	0.0	0.0	0.0	2.91464463195e-05	0.0	0.0	0.0	0.0	0.0	0.0
k__Fungi;p__Basidiomycota;c__Agaricomycetes;o__Sebacinales;f__unidentified	0.0	0.0	0.0	0.0	0.0	0.0	1.14008185788e-05	0.0	0.0	1.15862772133e-05	1.45732231598e-05	0.0	5.17031892251e-05	0.0	0.0	0.0	0.0
k__Fungi;p__Basidiomycota;c__Agaricomycetes;o__Thelephorales;f__Bankeraceae	0.0	0.0	0.0	0.0	0.0	0.0	0.0	2.30128411654e-05	0.0	0.0	0.0	0.0	0.0	0.0	0.0	0.0	0.0
k__Fungi;p__Basidiomycota;c__Agaricomycetes;o__Thelephorales;f__Thelephoraceae	0.000743582177634	1.28894216517e-05	8.93623105519e-05	9.08925649882e-05	2.60515038231e-05	0.0	0.0	0.0	0.000576300933869	0.0	1.45732231598e-05	9.91866693116e-05	0.0	0.0	0.0	2.32902076322e-05	0.0
k__Fungi;p__Basidiomycota;c__Agaricomycetes;o__Trechisporales;f__Hydnodontaceae	0.0177043375627	0.0584019695036	0.0048255647698	0.0245005958513	0.0182100011723	0.0969122704324	0.0122216775164	0.0509504303401	0.00510812191384	0.0159543037227	0.0276308311109	0.0238158213758	0.0456366816893	0.190368208071	0.0654077396574	0.00288798574639	0.0372041560777
k__Fungi;p__Basidiomycota;c__Agaricomycetes;o__Trechisporales;f__unidentified	0.000129831808793	5.15576866066e-05	0.0	0.0	0.0	0.0	2.28016371575e-05	0.0	0.000523909939881	0.0	0.000131159008438	7.71451872424e-05	0.0	0.0	0.0	0.0	0.0
k__Fungi;p__Basidiomycota;c__Agaricomycetes;o__unidentified;f__unidentified	7.08173502508e-05	0.000167562481471	0.000125107234773	8.07933911006e-05	0.000104206015292	0.0	0.0	0.0	5.23909939881e-05	5.79313860663e-05	2.91464463195e-05	2.20414820693e-05	6.89375856334e-05	6.26417269071e-05	0.000679963735267	0.0104340130192	1.7288176616e-05
k__Fungi;p__Basidiomycota;c__Agaricostilbomycetes;o__Agaricostilbales;f__Chionosphaeraceae	1.18028917085e-05	0.0	0.0	4.03966955503e-05	0.0	0.0	0.0	9.20513646615e-05	0.0	6.95176632796e-05	8.74393389586e-05	0.0	0.0	0.0	0.0	0.0	0.0
k__Fungi;p__Basidiomycota;c__Agaricostilbomycetes;o__Agaricostilbales;f__Kondoaceae	0.0	0.0	3.57449242208e-05	1.00991738876e-05	0.000325643797788	0.0	3.42024557363e-05	0.0	0.0	1.15862772133e-05	0.0	6.61244462078e-05	0.0	0.0	0.0	1.16451038161e-05	0.0
k__Fungi;p__Basidiomycota;c__Atractiellomycetes;o__Atractiellales;f__unidentified	0.0	0.0	0.0	0.0	0.0	0.0	0.0	0.0	0.0	0.0	0.000160305454757	0.0	0.0	0.0	0.0	0.0	0.0
k__Fungi;p__Basidiomycota;c__Cystobasidiomycetes;o__Cystobasidiales;f__Cystobasidiaceae	9.44231336677e-05	6.44471082583e-05	5.36173863311e-05	0.000282776868852	0.0	0.0	0.00129969331798	0.0	0.0	5.79313860663e-05	5.82928926391e-05	0.000176331856554	0.0	0.000726644032123	0.0	1.16451038161e-05	3.4576353232e-05
k__Fungi;p__Basidiomycota;c__Cystobasidiomycetes;o__Erythrobasidiales;f__Erythrobasidiales_fam_Incertae_sedis	2.36057834169e-05	0.0	0.0	5.04958694379e-05	1.30257519115e-05	0.0	0.000353425375942	0.0	0.0	3.47588316398e-05	0.000276891240036	8.8165928277e-05	0.0	8.769841767e-05	0.0	0.0	0.0
k__Fungi;p__Basidiomycota;c__Cystobasidiomycetes;o__Erythrobasidiales;f__unidentified	0.0	0.0	0.0	2.01983477752e-05	0.0	0.0	1.14008185788e-05	0.0	0.0	2.31725544265e-05	0.0	0.0	2.58515946125e-05	0.0	0.0	0.0	0.0
k__Fungi;p__Basidiomycota;c__Cystobasidiomycetes;o__unidentified;f__unidentified	3.54086751254e-05	0.0	0.000160852158993	3.02975216627e-05	6.51287595576e-05	0.0	1.14008185788e-05	0.0	1.3097748497e-05	0.0	0.0	0.0	3.44687928167e-05	0.0	0.0	2.32902076322e-05	0.0
k__Fungi;p__Basidiomycota;c__Exobasidiomycetes;o__Exobasidiales;f__unidentified	0.0	0.0	0.0	0.0	0.0	0.0	1.14008185788e-05	0.0	0.0	0.0	0.0	0.0	0.0	0.0	1.1929188338e-05	0.0	0.0
k__Fungi;p__Basidiomycota;c__Microbotryomycetes;o__Leucosporidiales;f__unidentified	8.26202419593e-05	1.28894216517e-05	0.0	3.02975216627e-05	0.0	0.0	0.0	0.0	1.3097748497e-05	1.15862772133e-05	0.0	5.51037051731e-05	1.72343964084e-05	0.000726644032123	1.1929188338e-05	1.16451038161e-05	0.000155593589544
k__Fungi;p__Basidiomycota;c__Microbotryomycetes;o__Microbotryales;f__Microbotryaceae	0.0	0.0	0.0	0.0	0.0	0.0	0.0	0.0	0.0	2.31725544265e-05	0.0	0.0	0.0	0.0	0.0	0.0	0.0
k__Fungi;p__Basidiomycota;c__Microbotryomycetes;o__Sporidiobolales;f__Sporidiobolales_fam_Incertae_sedis	0.000200649159044	1.28894216517e-05	0.000285959393766	7.0694217213e-05	6.51287595576e-05	0.0	5.70040928939e-05	4.60256823307e-05	0.0	6.95176632796e-05	1.45732231598e-05	0.0	0.000594586676088	0.0	0.0	0.0	0.000155593589544
k__Fungi;p__Basidiomycota;c__Microbotryomycetes;o__Sporidiobolales;f__unidentified	0.0	0.0	0.0	0.0	1.30257519115e-05	0.0	0.0	0.0	0.0	0.0	0.0	4.40829641385e-05	8.61719820418e-06	0.0	0.000167008636732	0.000302772699219	0.0
k__Fungi;p__Basidiomycota;c__Microbotryomycetes;o__unidentified;f__unidentified	0.0	1.28894216517e-05	0.0	0.0	0.0	0.0	0.0	0.0	0.0	0.0	0.0	1.10207410346e-05	5.17031892251e-05	1.25283453814e-05	0.0	0.0	0.0
k__Fungi;p__Basidiomycota;c__Tremellomycetes;o__Cystofilobasidiales;f__Cystofilobasidiaceae	0.000165240483919	0.0	0.0	0.0	0.0	0.0	0.0	0.000264647673402	2.61954969941e-05	0.0	0.0	0.0	1.72343964084e-05	0.000300680289154	4.77167533521e-05	0.0	0.0
k__Fungi;p__Basidiomycota;c__Tremellomycetes;o__Cystofilobasidiales;f__unidentified	0.0	1.28894216517e-05	0.00092936802974	0.0	6.51287595576e-05	0.0	0.0	0.0	0.0	2.31725544265e-05	0.0	0.0	0.0	0.0	0.0	0.0	0.0
k__Fungi;p__Basidiomycota;c__Tremellomycetes;o__Filobasidiales;f__Filobasidiaceae	8.26202419593e-05	0.0	1.78724621104e-05	0.0	5.21030076461e-05	0.0	0.0	5.75321029134e-05	0.0	0.0	0.0	5.51037051731e-05	0.000112023576654	0.0	4.77167533521e-05	0.000151386349609	0.0
k__Fungi;p__Basidiomycota;c__Tremellomycetes;o__Filobasidiales;f__unidentified	1.18028917085e-05	0.0	0.0	5.04958694379e-05	0.0	0.0	0.0	0.0	0.0	0.0	0.0	0.0	6.89375856334e-05	0.0	0.0	0.0	0.0
k__Fungi;p__Basidiomycota;c__Tremellomycetes;o__Tremellales;f__Tremellales_fam_Incertae_sedis	0.0316553555621	0.00293878813658	0.00747068916214	0.0121089094912	0.00373839079861	0.000841442891637	0.0396748486541	0.00467160675657	0.0219125332355	0.0434253669953	0.100482373687	0.0288853622518	0.00726429808612	0.00850674651399	0.00470010020518	0.0109347524833	0.0109952803278
k__Fungi;p__Basidiomycota;c__Tremellomycetes;o__Tremellales;f__unidentified	0.000436706993213	0.000128894216517	3.57449242208e-05	0.000212082651639	0.00118534342395	9.75585961318e-05	0.00109447858356	6.90385234961e-05	6.54887424852e-05	0.000359174593611	0.00840874976319	0.000132248892416	8.61719820418e-05	0.0	0.000250512955099	0.000151386349609	8.64408830801e-05
k__Fungi;p__Basidiomycota;c__Tremellomycetes;o__Trichosporonales;f__Trichosporonaceae	1.18028917085e-05	0.0	0.0	1.00991738876e-05	0.0	0.0	2.28016371575e-05	0.0	0.000196466227456	0.00291974185774	1.45732231598e-05	0.0	0.0	0.0	0.0	1.16451038161e-05	0.0
k__Fungi;p__Basidiomycota;c__Tremellomycetes;o__unidentified;f__unidentified	0.000200649159044	0.0	0.0	0.000323173564402	0.0	0.0	0.000570040928939	0.000241634832236	0.00124428610722	0.000660417801156	0.007388624142	0.000385725936212	0.0	0.0	2.38583766761e-05	0.0	0.0
k__Fungi;p__Basidiomycota;c__Tritirachiomycetes;o__Tritirachiomycetes_ord_Incertae_sedis;f__Tritirachiomycetes_fam_Incertae_sedis	0.0	0.000116004794865	0.0	0.0	0.000403798309257	0.000487792980659	3.42024557363e-05	1.15064205827e-05	0.0	0.0	0.0	1.10207410346e-05	8.61719820418e-05	1.25283453814e-05	0.00112134370377	0.000151386349609	0.00337119444012
k__Fungi;p__Basidiomycota;c__Ustilaginomycotina_cls_Incertae_sedis;o__Malasseziales;f__Malasseziaceae	2.36057834169e-05	0.0	0.0	0.0	0.0	0.0	0.0	3.45192617481e-05	0.0	1.15862772133e-05	0.0	0.0	0.0	0.0	0.000143150260056	0.0	0.000190169942776
k__Fungi;p__Basidiomycota;c__Ustilaginomycotina_cls_Incertae_sedis;o__Malasseziales;f__unidentified	1.18028917085e-05	1.28894216517e-05	0.0	0.0	0.0	0.0	1.14008185788e-05	0.0	0.0	0.0	0.0	0.0	0.0	0.0	0.0	0.0	0.0
k__Fungi;p__Basidiomycota;c__Wallemiomycetes;o__Geminibasidiales;f__Geminibasidiaceae	0.0	9.02259515616e-05	0.0	1.00991738876e-05	0.0	0.0	0.0	0.0	0.0	0.0	0.0	0.0	0.0	0.0	0.0	0.0	0.0
k__Fungi;p__Basidiomycota;c__Wallemiomycetes;o__Wallemiales;f__Wallemiaceae	0.0	1.28894216517e-05	0.00184086359737	0.000535256216042	0.0	0.0	0.0111728022072	0.000276154093984	0.00013097748497	0.00111228261247	0.000830673720107	0.000528995569662	8.61719820418e-06	0.00310702965459	0.00227847497256	0.000197966764874	0.000276610825856
k__Fungi;p__Basidiomycota;c__Wallemiomycetes;o__unidentified;f__unidentified	0.0	0.000296456697988	3.57449242208e-05	0.0	3.90772557346e-05	0.000146337894198	0.0	0.0	0.0	0.0	0.0	0.0	0.0	0.0	0.0	0.0	0.0
k__Fungi;p__Basidiomycota;c__unidentified;o__unidentified;f__unidentified	0.000224254942461	0.000193341324775	0.00176937374893	0.000242380173302	0.000377746805434	1.21948245165e-05	1.14008185788e-05	0.000747917337875	9.16842394792e-05	5.79313860663e-05	0.000174878677917	0.000165311115519	2.58515946125e-05	0.000325736979917	2.38583766761e-05	8.15157267127e-05	5.1864529848e-05
k__Fungi;p__Chytridiomycota;c__Blastocladiomycetes;o__Blastocladiales;f__Blastocladiaceae	0.0	0.0	0.000125107234773	0.0	0.0	0.0	0.0	0.0	0.0	0.0	0.0	0.0	3.44687928167e-05	0.0	0.0	0.0	0.0
k__Fungi;p__Chytridiomycota;c__Blastocladiomycetes;o__Blastocladiales;f__Physodermataceae	0.0	0.0	0.0	0.0	0.0	0.0	0.0	0.0	0.0	0.0	1.45732231598e-05	1.10207410346e-05	0.0	0.0	0.0	0.0	0.0
k__Fungi;p__Chytridiomycota;c__Chytridiomycetes;o__Olpidiales;f__Olpidiaceae	7.08173502508e-05	2.57788433033e-05	0.00200171575636	0.0	6.51287595576e-05	0.000682910172923	2.28016371575e-05	0.0778294288213	0.000235759472947	1.15862772133e-05	1.45732231598e-05	6.61244462078e-05	0.000241281549717	0.000952154248988	2.38583766761e-05	9.31608305288e-05	5.1864529848e-05
k__Fungi;p__Chytridiomycota;c__Chytridiomycetes;o__Olpidiales;f__unidentified	0.0	1.28894216517e-05	0.0	1.00991738876e-05	0.0	0.0	0.0	9.20513646615e-05	0.0	0.0	0.000145732231598	1.10207410346e-05	0.0	0.0	0.0	0.0	0.0
k__Fungi;p__Chytridiomycota;c__Chytridiomycetes;o__Rhizophlyctidales;f__Rhizophlyctidaceae	1.18028917085e-05	0.0	0.0	0.0	6.51287595576e-05	0.0	0.0	0.0	0.0	0.0	2.91464463195e-05	0.0	0.0	0.0	0.0	0.0	0.0
k__Fungi;p__Chytridiomycota;c__Chytridiomycetes;o__Spizellomycetales;f__Spizellomycetaceae	0.0	0.0	0.0	0.0	0.0	0.0	0.0	1.15064205827e-05	0.0	0.0	2.91464463195e-05	1.10207410346e-05	8.61719820418e-06	5.01133815257e-05	0.0	0.0	3.4576353232e-05
k__Fungi;p__Chytridiomycota;c__Chytridiomycetes;o__unidentified;f__unidentified	0.0	0.0	0.000142979696883	0.000252479347189	1.30257519115e-05	0.0	1.14008185788e-05	0.0	0.0	0.0	0.0	0.0	0.0	0.0	0.0	0.0	0.0
k__Fungi;p__Chytridiomycota;c__Monoblepharidomycetes;o__unidentified;f__unidentified	0.000672764827383	0.00333836020778	7.14898484415e-05	0.000383768607728	0.00199294004246	0.00181702885295	0.00123128840651	0.00323330418373	0.000261954969941	0.000301243207545	0.00323525554147	0.000473891864489	0.0	0.000288151943773	0.00141957341223	0.000989833824369	0.00264509102225
k__Fungi;p__Chytridiomycota;c__unidentified;o__unidentified;f__unidentified	8.26202419593e-05	3.8668264955e-05	5.36173863311e-05	9.08925649882e-05	1.30257519115e-05	4.87792980659e-05	0.000125409004367	2.30128411654e-05	0.0	1.15862772133e-05	1.45732231598e-05	0.0	0.0	2.50566907629e-05	1.1929188338e-05	0.0	0.0
k__Fungi;p__Glomeromycota;c__Glomeromycetes;o__Archaeosporales;f__Ambisporaceae	2.36057834169e-05	2.57788433033e-05	5.36173863311e-05	8.07933911006e-05	0.0	0.0	3.42024557363e-05	5.75321029134e-05	2.61954969941e-05	6.95176632796e-05	0.000116585785278	8.8165928277e-05	8.61719820418e-06	2.50566907629e-05	8.35043183662e-05	0.0	5.1864529848e-05
k__Fungi;p__Glomeromycota;c__Glomeromycetes;o__Archaeosporales;f__Archaeosporaceae	9.44231336677e-05	0.0	0.0	0.0	3.90772557346e-05	0.0	9.12065486302e-05	0.0	0.0	4.63451088531e-05	0.0	2.20414820693e-05	0.0	0.0	0.0	1.16451038161e-05	3.4576353232e-05
k__Fungi;p__Glomeromycota;c__Glomeromycetes;o__Archaeosporales;f__unidentified	0.0	0.0	0.0	0.0	0.0	0.0	1.14008185788e-05	0.0	0.0	4.63451088531e-05	0.0	0.0	0.0	0.0	0.0	0.0	0.0
k__Fungi;p__Glomeromycota;c__Glomeromycetes;o__Diversisporales;f__Acaulosporaceae	0.0	1.28894216517e-05	0.0	0.0	0.0	0.0	3.42024557363e-05	1.15064205827e-05	0.0	4.63451088531e-05	5.82928926391e-05	2.20414820693e-05	0.0	0.0	2.38583766761e-05	1.16451038161e-05	0.0
k__Fungi;p__Glomeromycota;c__Glomeromycetes;o__Diversisporales;f__Diversisporaceae	0.0	0.0	0.0	0.0	0.0	0.0	0.0	0.0	0.0	0.0	1.45732231598e-05	0.00108003262139	0.0	0.0	0.0	3.49353114483e-05	0.000207458119392
k__Fungi;p__Glomeromycota;c__Glomeromycetes;o__Glomerales;f__Glomeraceae	0.0	0.00126316332186	0.0	2.01983477752e-05	0.0	0.0	0.00403588977689	9.20513646615e-05	0.0	0.000324415761972	0.0	0.00154290374485	0.00236111230794	2.50566907629e-05	0.0	0.000652125813702	0.00596442093252
k__Fungi;p__Glomeromycota;c__Glomeromycetes;o__Paraglomerales;f__Paraglomeraceae	0.0	0.0	0.0	0.0	0.0	0.0	0.0	0.0	0.0	0.0	1.45732231598e-05	4.40829641385e-05	0.0	0.0	0.0	0.0	0.0
k__Fungi;p__Glomeromycota;c__Glomeromycetes;o__Paraglomerales;f__unidentified	0.0	0.0	0.0	0.0	0.0	0.0	2.28016371575e-05	0.0	0.0	0.0	0.0	0.0	0.0	0.0	0.0	0.0	3.4576353232e-05
k__Fungi;p__Glomeromycota;c__Glomeromycetes;o__unidentified;f__unidentified	0.000554735910298	0.000206230746426	0.000250214469545	0.000181785129976	0.000534055828373	0.000256091314846	5.70040928939e-05	3.45192617481e-05	0.00167651180762	9.26902177061e-05	0.00116585785278	0.000418788159316	2.58515946125e-05	0.000476077124494	0.000298229708451	0.000593900294621	0.000103729059696
k__Fungi;p__Glomeromycota;c__unidentified;o__unidentified;f__unidentified	0.0	0.0	0.0	0.0	0.0	0.0	6.84049114726e-05	8.05449440788e-05	0.0	0.0	0.0	0.0	0.0	0.0	0.0	0.0	0.0
k__Fungi;p__Rozellomycota;c__unidentified;o__unidentified;f__unidentified	0.000177043375627	0.0	3.57449242208e-05	0.0	0.0	1.21948245165e-05	4.56032743151e-05	0.000460256823307	0.00209563975953	0.0	0.000145732231598	0.00362582380039	8.61719820418e-05	0.0	0.00140764422389	0.000116451038161	0.00136576595266
k__Fungi;p__Zygomycota;c__Mortierellomycotina_cls_Incertae_sedis;o__Mortierellales;f__Mortierellaceae	0.00429625258188	0.0054651147803	0.0136188161281	0.0149871740492	0.0111109663805	0.022218970269	0.00902944831439	0.0548626133382	0.0128881845211	0.00559617189401	0.0149229805156	0.00648019572836	0.00136151731626	0.0219621894536	0.00246934198597	0.00508891036764	0.00205729301731
k__Fungi;p__Zygomycota;c__Mortierellomycotina_cls_Incertae_sedis;o__Mortierellales;f__unidentified	0.00219533785778	1.28894216517e-05	0.000303831855876	0.000717041346018	0.0675254979094	1.21948245165e-05	0.0	0.00135775762876	0.0384942828328	0.00465768343973	0.0	0.00030858074897	0.000249898747921	0.000225510216866	0.000751538865296	0.00838447474759	0.000380339885552
k__Fungi;p__Zygomycota;c__Mucoromycotina_cls_Incertae_sedis;o__Endogonales;f__Endogonaceae	0.0	0.0	0.0	0.0	0.0	0.0	2.28016371575e-05	0.0	0.0	0.0	0.0	0.0	0.0	0.0	0.0	0.0	0.0
k__Fungi;p__Zygomycota;c__Mucoromycotina_cls_Incertae_sedis;o__Mucorales;f__Choanephoraceae	0.0	0.0	0.0	0.0	0.0	0.0	0.0	0.0	0.0	0.0	0.0	0.0	5.17031892251e-05	0.0	0.0	0.0	0.0
k__Fungi;p__Zygomycota;c__Mucoromycotina_cls_Incertae_sedis;o__Mucorales;f__Cunninghamellaceae	0.0	0.0	0.0	0.0	0.0	0.0	0.0	0.0	0.0	0.0	0.000247744793716	0.0	0.0	0.0	0.0	0.0	0.0
k__Fungi;p__Zygomycota;c__Mucoromycotina_cls_Incertae_sedis;o__Mucorales;f__Mucoraceae	0.0	0.0	0.0	1.00991738876e-05	0.0	1.21948245165e-05	0.0	0.0	0.0	0.0	0.0	0.0	0.0	1.25283453814e-05	0.0	0.0	0.0
k__Fungi;p__Zygomycota;c__Mucoromycotina_cls_Incertae_sedis;o__Mucorales;f__Pilobolaceae	0.0	0.0	0.0	0.0	0.0	4.87792980659e-05	1.14008185788e-05	0.0	0.0	0.0	2.91464463195e-05	0.0	0.0	0.0	0.0	0.0	0.0
k__Fungi;p__Zygomycota;c__Mucoromycotina_cls_Incertae_sedis;o__Mucorales;f__Rhizopodaceae	0.0	6.44471082583e-05	0.0369066342579	1.00991738876e-05	0.0	0.0	4.56032743151e-05	1.15064205827e-05	0.0	1.15862772133e-05	0.0	0.0	0.0	0.0	0.0	0.0	0.00136576595266
k__Fungi;p__Zygomycota;c__Mucoromycotina_cls_Incertae_sedis;o__Mucorales;f__Umbelopsidaceae	2.36057834169e-05	6.44471082583e-05	0.0	0.0	0.000703390603223	1.21948245165e-05	0.0	0.0	3.92932454911e-05	0.0	0.0	0.00059512001587	0.000706610252742	0.0	0.000202796201746	0.000291127595403	3.4576353232e-05
k__Fungi;p__Zygomycota;c__Mucoromycotina_cls_Incertae_sedis;o__Mucorales;f__unidentified	0.0	0.0	0.0	0.0	0.0	0.0	0.0	0.0	0.0	0.0	0.0	0.0	0.0	0.000100226763051	0.0	0.0	0.0
k__Fungi;p__Zygomycota;c__Mucoromycotina_cls_Incertae_sedis;o__Mucoromycotina_ord_Incertae_sedis;f__Mucoromycotina_fam_Incertae_sedis	9.44231336677e-05	0.0	0.0	0.0	0.00130257519115	0.0	0.0	0.0245316886823	0.0	0.0	0.0	0.00045185038242	0.0	0.0	1.1929188338e-05	0.0	1.7288176616e-05
k__Fungi;p__Zygomycota;c__Zoopagomycotina_cls_Incertae_sedis;o__Zoopagales;f__Piptocephalidaceae	0.0	6.44471082583e-05	1.78724621104e-05	1.00991738876e-05	1.30257519115e-05	4.87792980659e-05	0.0	0.0	0.0	0.0	1.45732231598e-05	1.10207410346e-05	8.61719820418e-06	0.0	2.38583766761e-05	0.0	0.0
k__Fungi;p__Zygomycota;c__Zygomycota_cls_Incertae_sedis;o__Basidiobolales;f__Basidiobolaceae	0.0	0.000103115373213	0.0	5.04958694379e-05	5.21030076461e-05	0.000219506841297	0.0	0.0	2.61954969941e-05	3.47588316398e-05	0.000145732231598	0.000110207410346	1.72343964084e-05	0.000275623598391	4.77167533521e-05	3.49353114483e-05	5.1864529848e-05
k__Fungi;p__unidentified;c__unidentified;o__unidentified;f__unidentified	0.044898200059	0.0401505484449	0.042750929368	0.0570906299865	0.0349871696344	0.0406209604644	0.164855836649	0.0485110691766	0.182975546504	0.0618707203189	0.137527506959	0.0715907337609	0.19539496928	0.0213107154938	0.0207567877082	0.0688807890722	0.0214892035337
k__Plantae;p__unidentified;c__unidentified;o__unidentified;f__unidentified	2.36057834169e-05	0.0	0.0	0.0	0.0	2.4389649033e-05	0.0	0.0	0.0	0.0	0.000189451901077	0.0	0.0	0.0	1.1929188338e-05	0.0	0.0
k__Protista;p__Cercozoa;c__unidentified;o__unidentified;f__unidentified	0.00165240483919	0.00116004794865	0.00178724621104	0.00160576864812	0.00179755376379	0.000463403331626	0.00210915143707	0.00289961798684	0.00374595607015	0.00108911005805	0.00479459041956	0.00309682823073	0.000611821072496	0.00289404778311	0.00361454406642	0.000966543616736	0.000328475355704
k__Protista;p__unidentified;c__unidentified;o__unidentified;f__unidentified	3.54086751254e-05	0.0	0.0	0.0	0.0	0.0	0.0	4.60256823307e-05	2.61954969941e-05	0.0	0.0	2.20414820693e-05	0.0	1.25283453814e-05	1.1929188338e-05	1.16451038161e-05	0.0
k__unidentified;p__unidentified;c__unidentified;o__unidentified;f__unidentified	0.0	0.000696028769189	0.0	5.04958694379e-05	2.60515038231e-05	0.0	0.0	3.45192617481e-05	6.54887424852e-05	1.15862772133e-05	8.74393389586e-05	8.8165928277e-05	0.0	0.0	0.0	1.16451038161e-05	3.4576353232e-05